6
4
6 3 0 1 4 5
4
1
7 3 1 4 5
2
3
8 2 1
3
3
0
0
9 0 1 3 5
5
10 4 0 1
11 0
12 3 0 1 4 5
0
13 2 1 3 4 5
3
14 1 0 2 3
4
9
0
7
15 3 0 1
1
5
9
0
5
8 4 5
6
16 4 0 2 3 5
5
17 1 2 3 5
2
18 3 0 2 5
7 0 2
19 0 3 4 5
20 0 1 3 5
21 1 2 3 4
22 0 2 3 4 5
23 0 1 2 4 5
0
24 0 3 4 5
25 3 1
26 3 0 1
27 5 0 1 3
28 1 0 3 4 5
18 1 4
29 5 0 1 2 3 4
17
30 0 1 2 4
9 4
3
1
11 1 2 5
6
1
31 4 0 1
4
21 5
19 1
18
9
32 1 2 3 4 5
14 4 5
8
18
7
16
3
3
33 5 0 2
3
7
22
7
1
1
34 5 1 3
6 2
5
16 1
17 4
35 3 0 5
36 1 0 2 3 4
18
37 5 3 4
3
23
23 3
38 0
39 3 1 4
-1
3
0
3 2 0 1
1
4 1 0
3
0
4
2
4 2
2
5 1 0
4
3
5
2
4
6 0 2
4
6 1
1
7 2 0
1
0
7 1
5
2
6
7
7
4
5
8 1 0 2
4
3
2
8
7
5 2
9 0 2
2
8
0
3
6
8
0
10 0 1
9 1
0
1
8
9
11 1 0 2
5
3
3
11
7
12 1 2
8
1
13 2
1
14 0 1
3
8
2
12 0
0
1
13
15 1 2
1
14 2
10 2
16 0 1 2
9
17 1
16
13 0 1
9
13
13
13
9
8
5
15
5
15 0
18 2
10
11
7
19 0 2
14
6
8
1
20 0 2
16
20 1
9
21 0
17 0 2
21 2
18
9
22 2 1
16
21 1
14
0
23 1 2
6
24 2 0 1
25 1
26 0 2
13
8
27 0 2
20
-1
4
4 3 0
0
1
4 2
3
5 3
4
2
2
2
2
3
0
1
2
6 0 2 3
7 1 2
4
2
3
8 1 3
0
2
8 0 2
8
9 3 0
8
10 0 1 2
7 0
6 1
2
11 2 3
9 1
5 0 2
10 3
9
12 3 1 2
13 2
0
14 2 1
15 1 3
9
10
9 2
3
4 1
15
8
4
1
4
11 0 1
7
16 3 0 2
15 2
14 0 3
12
17 0 2 3
11
4
0
0
14
14
18 2 0
12
19 3 0 1 2
0
10
0
14
20 2 0 3
9
6
2
21 1
16
22 2 1
11
7 3
23 3 1 2
24 1 2 3
18 1 3
25 3 0 1 2
9
4
1
9
18
5
3
5
26 3 2
2
20
4
22 3
7
3
27 1
1
25
26 0
28 0 1 3
29 0 1 3
28
22 0
11
7
13 0
30 3 0 1
31 2 1 3
3
24 0
23 0
19
13 1 3
14
27
12
19
9
22
19
24
6
13
20 1
25
-1
4
0
3
0
3
1
2
0
3
4 3 2
4 1
2
5 2
1
5 1 3
6 0 2 3
6 1
3
7 0 3
7
7
5 0
2
8 2 0 1
8
5
2
5
6
7 1 2
4 0
4
9 0 2 3
5
10 0 2
2
11 0 3
10 1 3
10
12 3 0
3
13 2 1
13 0 3
0
5
0
11 1 2
12
4
2
12 2
6
11
10
12
14 3 0
14 1 2
4
15 1 2 3
6
11
6
10
2
3
16 1 3
16
17 2 0 1
17 3
18 1
16 2
10
3
10
10
11
12
19 2
11
4
1
0
20 0 2 3
12
7
19 0
3
21 0 1
20 1
22 0
15
3
22
1
7
19 1 3
17
14
9
20
20
19
20
19
23 2
19
12
24 0 2 3
25 1 0
26 2
4
27 2 0
25 2
4
12
8 3
28 0 2 3
8
23 0
29 1 0 2 3
29
-1
4
1
0
4 2 0 1
1
1
4
4
4 3
4
3
5 0 1 2 3
4
5
6 1 2 3
0
7 2
7 0
4
3
2
2
6 0
8 1 0 2 3
1
9 0 1
7 3
5
5
10 1 3
7 1
9 2
11 1 0 2 3
11
12 2 0 3
10 2
1
3
11
7
3
13 2 0 3
14 3 0 1 2
4
4
15 3 0 2
14
3
11
2
4
6
3
16 0 2 3
17 1 0 2
14
7
17 3
4
18 3 0 1
19 2 0 1 3
15 1
5
8
20 2 0
6
3
15
0
21 3 0 1 2
19
12
16 1
22 2 0 1 3
1
23 2 1 3
14
24 3 1
5
18
6
14
25 2 0 3
9
15
18
26 0 1 2 3
16
24
27 3 0
10
0
26
15
14
7
18 2
28 0 1 3
22
26
21
28
21
-1
3
0
1
3 0 2
4 0 1 2
4
5 1
4
4
5 0 2
4
4
5
1
4
1
3
1
1
5
2
2
3
2
1
6 0 1 2
4
7 2 1
2
3
8 0 2
8
4
1
1
7
0
3 1
5
7
0
2
0
9 1 0
8
6
6
10 0 1 2
5
7
6
0
10
8 1
2
9 2
10
2
0
8
4
7 0
2
10
6
11 2 0 1
2
9
2
11
2
1
2
12 1 0 2
9
13 0 2
1
9
14 1 0 2
15 0 1 2
8
7
6
13 1
0
2
15
7
1
7
1
5
16 1 0
9
11
12
5
17 1 0
17
11
6
12
0
10
17 2
0
14
13
18 0
19 0 1
20 1 0
21 0
22 1 0 2
23 0 1 2
20 2
8
24 1 2
24 0
25 1 0 2
-1
4
4 0 2 3
4 1
0
1
5 2 1 3
6 2 0 3
1
7 3 0 2
6
4
1
6
7 1
8 1 3
7
6 1
6
2
2
0
6
6
5
5 0
9 1 2 3
5
1
3
9 0
3
10 0 2
11 0 1
7
12 1
13 0 2 3
14 3 0 2
8 0
3
0
15 3 0
13 1
2
9
8
5
6
16 3 0 1 2
7
9
16
5
16
14
17 1 0 3
3
9
11 2 3
13
15 1
13
11
17 2
18 3 0 1
2
19 1
19 0 2
9
18
20 3 1 2
21 0 2
10 3
12 2
6
9
13
11
22 1 0 2
7
22 3
23 1 3
3
23 0
23
2
5
19
6
5
22
4
11
4
22
7
24 3 1 2
25 0 2 3
6
3
12
26 2
27 1
28 1 0 2 3
14
1
8 2
12 0 3
29 2 0
30 3 1 2
31 2 0 3
-1
3
0
2
2
3 0 1 2
4 2 0 1
2
3
0
0
1
2
5 1
1
6 0 1
7 0 1 2
5
4
1
0
5 2
8 2 0
3
9 1 2
5
4
1
4
9
4
8
8
10 1 0
11 0 2
0
8
2
4
2
10 2
3
1
4
0
0
12 0 1
1
8 1
0
9
0
5
9 0
13 2 0 1
11
7
2
1
0
1
13
11
3
5 0
14 2 1
10
15 2 1
16 1
17 2 1
17
18 2 0
4
8
10
0
5
19 1 2
8
20 1
5
4
16 0 2
21 2
17 0
13
16
14
0
16
19
16
6
11 1
20 2
21 1
22 1 0
16
17
11
23 2 1
8
15 0
-1
3
0
1
1
3 0 1 2
0
2
1
0
3
1
4 1 0
0
2
4
2
1
3
3
2
5 0
5 2
4 2
0
3
4
1
2
4
1
4
3
1
6 2 1
5
1
1
6 0
5
3
2
3
2
5
0
6
5
0
3
5 1
6
0
7 2 1
8 1 0 2
3
1
0
8
9 2
3
10 1 0
3
6
6
7 0
7
0
11 0
4
11 2
2
3
5
12 0 2
13 1 0 2
2
14 1 2
0
13
11 1
13
15 2 0
15 1
11
4
16 1 0
13
1
13
17 2 0
17
16 2
14
17
12 1
18 1
16
19 1
3
7
7
9 0
2
20 1 0 2
10 2
7
-1
4
3
4 3
4 0
0
0
2
0
3
5 2 0 1
2
6 3 0 2
2
1
4 2
7 0 2 3
2
0
2
2
4 1
5 3
6
8 2 1 3
0
5
8
1
5
1
9 3 0 1
1
3
8 0
6
8
6
5
1
10 2 1
3
3
7 1
5
8
2
11 1 0
11 3
5
12 1 3
10 0 3
9 2
1
8
6 1
2
9
3
12 2
2
12
10
13 3 1
2
8
14 2 3
8
6
15 2 1 3
15
0
15 0
6
5
10
1
7
16 3 1
9
5
17 3
15
11
12 0
3
4
1
17 0 1
17 2
15
3
2
14
7
0
0
18 3
11
19 0 1
6
7
20 3 1 2
14 0 1
9
15
0
5
1
-1
3
2
2
2
1
2
2
1
0
2
2
0
2
1
0
0
0
2
0
3 2 0
3
2
2
4 2 1
0
0
2
2
5 1 0 2
2
1
5
1
4 0
2
0
5
6 2 1
0
4
0
3 1
1
6 0
3
7 1 2
8 2 1
4
0
7
8
7
7 0
9 1 0
4
6
1
1
10 2
1
8 0
10
9
11 1 0 2
2
4
12 1
6
1
6
0
6
0
6
8
13 0 2
7
7
9 2
0
8
8
14 0 1
11
13
7
3
9
11
8
5
7
9
1
15 0 1 2
8
15
10 0
3
4
6
11
1
10 1
11
9
1
16 0 1 2
7
3
17 1 2
1
1
2
5
15
11
0
12 0 2
4
8
11
8
15
18 2
4
4
19 2 0
6
17
20 0 1
9
18 1
15
11
14
9
9
19
10
1
13
11
7
21 0 1
2
16
21 2
22 1 2
23 0 1 2
-1
6
0
1
0
3
3
1
1
1
3
6 3 2 4
2
6
3
7 5 0 3
6 0
2
7 2 4
8 2 1 3 5
1
1
9 1 2 3 4 5
7
6 1 5
2
10 1 2 3 5
11 3 1
12 2 0 3 5
0
12 4
4
2
5
13 1 0 5
14 4 0 2 3 5
6
4
2
5
7
1
0
13 3
3
10 0
10 4
2
6
0
7
15 0 3 4
12
10
9
1
3
11 0 4 5
14
16 2 0 4
10
17 3 0 1 2
3
8 0 4
15 2
8
12
3
14
3
8
18 2 3 4 5
17
8
3
8
9
19 4 0 1 2 5
2
2
18 0 1
5
0
7 1
20 5 1 2
19
18
20 0 3
21 5 0 1 2 3
14
5
22 1 0 2
5
3
5
23 5
2
24 1 0 2 3
25 3
9
20 4
16 1
20
25 1 2 4
11 2
26 2 1 4 5
13
3
9
14 1
27 2 0 1 3 4 5
16 3
10
28 1 0 3 4
22 5
2
8
16 5
2
8
11
11
25 5
3
29 5 2
30 0 2 3 5
-1
3
3 0 2
4 0 1
0
2
0
5 1
0
5 0
1
2
5 2
2
3 1
3
4
6 0
0
6
5
7 0
5
8 1 0
2
9 0
6
7 1
1
3
0
9 1 2
6 1
3
7
8 2
1
5
7 2
4 2
6
0
6 2
2
8
8
6
9
10 2 0 1
6
2
3
11 2 1
1
8
12 1 2
10
13 2 0
9
14 0 2
15 0
6
7
1
13 1
4
2
16 1 0 2
11 0
6
3
0
10
8
1
12 0
7
14 1
17 1 0 2
9
10
14
18 1 0
19 0 1 2
20 1
18 2
19
14
3
5
13
10
4
7
4
12
16
15
1
21 2 1
22 1 2
5
13
23 2 1
11
-1
4
2
4 3 0 1
3
2
0
0
5 2 3
3
1
0
6 2 1
0
2
1
6 3
0
4
3
6 0
1
0
1
1
3
7 3 1 2
8 0
6
8 1 2 3
7
9 0 1 3
10 0
11 1
7
1
4 2
12 1 0 2 3
0
11 0 2 3
3
11
9 2
8
6
12
11
13 0 3
13 1 2
1
14 2 0 1
6
1
1
15 1 2
7 0
2
6
15 0
10 1 2 3
11
9
1
5
16 3 1 2
5 1
8
17 2 0 3
1
6
12
0
6
16 0
1
2
2
11
18 1 2
8
10
11
0
9
13
6
18 0 3
19 3 1
19 0
3
6
17 1
13
17
20 3 1
16
19 2
3
19
11
21 1 2
16
8
11
2
17
13
18
7
-1
6
0
3
5
6 2 1
4
4
5
0
7 1 2 4
3
6 0 3 5
1
2
2
2
8 3 0 1
1
1
7 3
4
2
7 0
1
0
9 3 0 4
1
6 4
10 2 0 1 3 5
1
11 4 2 3
9 2
3
3
1
3
4
12 3 0 4 5
9
6
5
13 5 0 2 4
4
9
3
1
14 3 0 1 2 4 5
10
2
13
12
3
15 1 3 4
9 1 5
13
14
10 4
11 0 5
12 1 2
4
3
13 3
16 3 5
14
2
4
9
9
16 0 2 4
4
17 2 3
6
18 2 0 1 3 4
4
10
8 2
17 5
19 1 2 4 5
8 4
12
13 1
20 3 0 2 4 5
13
7 5
16
21 5 0 2 4
13
13
5
16
9
22 1 0 4 5
1
22 2
12
18 5
23 5 3
24 1 0 2 4
6
5
18
15 2
25 0 2
25 1 3 4 5
14
24 5
26 1 2 3 4 5
24 3
19
27 4 3 5
4
14
16 1
3
2
4
4
22 3
6
3
-1
3
1
3 0 2
4 2 0 1
4
1
0
1
3
2
5 1 0
5 2
3
2
2
2
6 2 1
4
3
2
0
7 0 1
0
5
6
6 0
7 2
7
4
5
8 0 1
7
9 0 1 2
6
10 1
3 1
10 2
0
0
10
9
7
2
10
1
4
8 2
1
0
3
0
6
0
1
3
3
2
11 1 2
4
1
3
3
12 2
13 1 0 2
0
1
6
8
10
9
14 0 2
14 1
1
15 1 2
14
2
0
16 0
6
0
10 0
8
12 0
2
6
9
17 2 0
18 0 1 2
15
1
10
17 1
9
13
12 1
19 1 0 2
12
10
20 0
21 1 0
6
11 0
3
22 0 2
23 2
6
13
24 1
4
17
12
-1
4
1
4 0 2
2
1
0
2
0
3
5 3 1
6 3 1
6 0 2
7 1 0
4
0
1
3
2
4 1
8 3 1 2
7 2 3
9 3 0 2
9 1
9
2
7
10 0 2
6
10 1
1
6
0
3
8
11 0
2
10
12 1 0 2
4
2
5 2
0
2
13 2 0 1
5 0
0
0
11 1 3
14 0 1 2 3
5
13 3
1
8 0
4
6
5
4 3
13
0
15 3 0
4
7
2
10 3
1
9
16 0
5
3
17 1 2 3
5
7
8
6
0
1
11 2
12 3
18 3 1
8
16 2 3
0
19 1 3
9
4
16 1
10
18
4
6
14
5
11
5
3
20 3 2
1
8
10
0
21 2 1 3
16
2
11
19 0
16
22 2 0 1 3
2
17
14
10
8
23 2 3
4
4
22
18 0 2
23 0 1
24 3 0 1 2
23
-1
6
3
0
2
2
3
6 3 2 4
5
6 0 5
2
1
6 1
0
2
6
3
4
0
5
6
6
0
5
1
7 1 2 3 4
7 5
4
6
8 5 2 3 4
1
9 1 0 3
8 1
1
4
5
1
10 4 1 2 3 5
11 0 1 2 4 5
12 1 2 4
13 0 2 4 5
11 3
5
13 1
10 0
2
3
14 2 1 5
15 0 1 4
12 0 5
12
13
5
11
12
7 0
1
6
4
10
16 4 0 1 2 3 5
3
17 1 3 4 5
14 3 4
1
18 3 4 5
2
11
4
16
15
19 5 0 2 4
20 0 1 2 4
8 0
20 3
9 5
21 3 1 2 4 5
16
22 0 1 4 5
18 0 1
20
15 2 3 5
23 2 1 3 5
2
19 1 3
24 1 0 3 4 5
22
24
19
0
11
2
25 5 0 3
12 3
16
7
26 2 4
22 2 3
27 0 3
2
13 3
23 0 4
4
12
15
21
7
28 1 0 2 3
10
20 5
29 5 0 2
23
7
30 5 0 2 4
16
31 3 0 1 4
6
20
19
3
16
32 5 1 3 4
33 1 3 5
34 5 2 3
12
16
10
9 2
15
9
10
24 2
0
24
31 5
2
35 1 4
33 4
23
17 0 2
36 1 0 2 5
-1
5
0
1
2
2
2
5 0 3 4
6 0 1 4
4
6 2 3
0
7 0 1 2 3
6
8 4 1 2 3
4
5 1
0
2
8
4
2
3
2
9 0 1 4
7
10 2 3 4
9
8
11 1 2 3
0
0
12 2 3 4
7 4
3
7
10 1
10
4
13 0 2 3 4
6
11 0 4
1
3
6
5 2
13
14 3
15 1 0 3
10
10
1
5
4
9
0
12 1
8 0
0
5
5
2
4
14 1
6
14 2
5
0
16 2 4
7
12 0
3
2
13 1
17 0 1 2 4
2
3
14 0
1
15 4
17
17
1
5
11
14
14 4
18 0
5
4
0
13
3
2
13
2
6
18 1 3
17
0
7
19 4 3
-1
4
4 3 0
0
2
5 1 0
6 2 0 1 3
7 2 0 3
8 1 0
8 2 3
7
5 3
6
5
7 1
6
7
4
3
9 2 1
6
2
3
0
2
10 0 2 3
8
11 1 2
3
3
12 0 1 2
10 1
4 1 2
13 2 1 3
14 3 0
10
1
0
9 0 3
5
2
4
14 2
15 3 0 1
7
8
16 0
6
17 1
9
16 2
11
18 1 0 3
16 1
5
19 3 0 2
2
14 1
8
15 2
20 2 0
10
6
21 2 0 1 3
11
0
9
22 3
23 0 1 2
11
4
24 3 0 1 2
3
14
9
9
25 2 0 1 3
26 2 1 3
5 2
27 2 1 3
23
0
28 2 0 1 3
18 2
16
23 3
18
26 0
29 2 0
15
30 1 0
31 3
8
8
18
0
32 1 0 2 3
20 1
33 0 1
28
1
34 0
15
0
15
8
2
3
19
35 0 1 2 3
7
25
25
15
4
29 3
36 3
29
21
37 1 3
38 0 1 2
23
10
16
33
39 1 0 3
0
29 1
14
27
-1
7
7 5 1 3 4
6
0
7 0 2 6
6
0
8 3 0 1 2 5
5
9 1 4 5 6
9
3
10 2 1 4 5
2
11 5 0 1 6
7
0
7
1
8 4
0
12 0 3 6
1
1
13 4 0 1
10 3
4
8 6
14 2 0 1 4 5 6
3
6
15 0 2 3 6
14 3
1
11 2 3
16 0 4 5
17 1 2 3 6
2
10 0 6
12 1 4
12 2
15 1 5
18 1 0 4
11 4
13 3 5
18 3 5 6
19 5 0 2 3 6
20 5 3
21 2 0 1 3 4 6
17 4
18 2
4
17 0 5
18
16 1 3 6
12 5
11
14
3
3
17
22 6 2 4
9 0 2 3
23 0 3 4 5 6
23 2
2
9
6
23 1
6
24 6 0 1 4 5
11
16 2
17
9
23
18
2
21 5
0
16
14
25 5 2 3
25 4
26 3 0
18
3
27 6 1 4
2
14
4
21
12
28 3 0 4
29 0 1 2 5 6
30 3 1 2 6
11
6
29 3 4
31 5 0 1 2 6
3
21
4
32 4 0 1 3
33 5 1 3 4 6
13 2
18
32 5
29
32 6
28 1 6
33 2
34 4 1 3 5 6
10
5
35 3 0 1 2 4 6
24 2 3
6
4
9
5
15 4
36 0 5 6
25 0
35 5
8
37 2 1 3 6
38 0 1 5 6
7
27
18
13
39 4 1 2 3 5 6
38 3
5
18
0
26 1 2 4 5
36 2 3 4
34
36 1
38 4
40 1 0 2 3 6
29
-1
3
3 1
2
2
1
3 0
2
0
2
3 2
4 0
3
4 1
2
5 1 0
6 2 1
7 1 0
8 1 2
6
2
7
6 0
2
0
8 0
9 2 1
6
2
3
9
0
10 1
0
8
6
9
11 2
12 1
3
3
2
10
0
6
7 2
9 0
3
11
5 2
13 2
11 0 1
14 1 2
2
2
8
0
12
10
9
9
0
0
14
8
13 1
15 1
6
6
10 2
7
9
9
6
10 0
16 0 1 2
3
17 2 0
18 2 1
6
14
19 1 0
4 2
20 2 0
7
14 0
11
7
21 1 2
2
20
18
2
16
14
2
15 2
21
1
14
22 1 0 2
23 0 1
1
4
22
11
1
8
5
4
24 1 0
3
21 0
20
19
18
16
9
6
9
25 1 0
13
19 2
-1
6
4
5
5
4
5
1
1
1
5
2
6 2 0
1
2
7 0 1 2 3 4
6 1 4 5
0
5
7
8 1 0 2 3
2
2
5
6 3
1
3
1
2
2
9 1 3
10 5 1 2 3
11 5 3 4
9 0 2
3
8 4
4
12 0 1
11 0 1
13 3 0 1 4
5
14 3 0 1 2 4 5
4
5
4
2
13 5
14
10 0 4
15 2 0 3 4
16 1 2 3
4
6
1
17 4 0 3 5
2
4
1
6
18 2 0 3
1
19 1 0 3
7
14
13
12 3 5
20 1
15 1
9 4 5
9
21 3 0 1 2 4 5
3
18 4
9
12 2
16 4
12 4
16 5
0
2
12
15
12
22 0 1 3 4 5
1
19 4
23 1 2 3 4 5
16 0
2
7
4
11
21
17 2
24 5 0 2
19 5
5
23
16
25 1 0 2 3 5
14
26 3 0 1 2 4
7
-1
7
6
2
7 2 0 1 3 5
8 5 1 6
1
2
4
4
0
1
4
7 4
4
4
5
6
0
1
5
2
9 1 5
7
8 0 3
9 6
5
6
6
4
10 1 4
1
11 5 0 3 6
2
6
9 2 4
10 0 2 3
3
9
11 1 2
2
7
10
1
5
3
12 1 0 2 6
7
10 5 6
5
9
5
4
4
12 3
13 6 5
2
11 4
1
2
4
0
7 6
7
14 3 1 2 5 6
9 3
8 4
1
3
7
11
10
4
4
12 5
8 2
9
9
1
5
13 1 2 3
10
2
3
15 4 2 5
12
15 0 1 3
5
12 4
13
16 1 3 4
14 4
3
13 0
2
6
17 4 1 5
4
18 2 0 1 5 6
6
4
0
4
18 3 4
12
17 0 2
19 6 3 4 5
6
3
5
8
18
6
13 4
10
16 2 5 6
12
3
6
20 0 2 3 5 6
6
19 0
4
19 1 2
5
20 1 4
-1
5
5 0 3 4
5
0
6 4 1 3
7 0 2 3
0
8 0 2 4
2
8 1 3
4
3
9 3 2 4
10 4 0 1 3
3
2
11 0 2 4
12 4 0
11 3
12 1 2 3
9
4
5 1 2
3
10
11 1
8
9 1
9
1
10
0
13 3 0 1 2
8
1
4
14 3 0 2
4
4
7 4
6
6 0 2
15 4
7
11
11
9 0
16 3 0 1
2
13
17 3 0 4
10 2
13 4
12
2
18 4 1
11
7
5
9
1
11
13
16 4
14 1 4
16 2
4
17 1 2
14
11
10
5
14
19 0 2 3
0
9
2
17
19 1 4
5
2
13
7 1
15 0 1 2
1
11
7
18 0 2
20 0 1 2 3
9
14
13
21 0 1 2 3 4
22 1 0 2
18
23 2 0 1 3 4
24 0 1 2 4
18 3
4
11
6
5
24 3
13
15
4
23
3
22 4
21
18
21
25 0 2 3
20
4
5
4
26 0 2 3
-1
4
0
1
3
2
1
1
2
3
2
0
4 3 2
5 1 2
3
3
3
2
6 0 1
3
5 0 3
5
7 1 0
8 2 0
5
7 2
7 3
7
7
2
4 0 1
3
9 1 2 3
10 0 2 3
1
2
11 1 3
3
1
7
3
4
0
10 1
5
7
7
3
9
12 2
13 0 1 2 3
14 3 0 1
12 0 1 3
4
13
15 1 0 2
3
14
10
14
8 1
6 3
5
16 0 3
10
16 2
11 0 2
13
14 2
2
12
6
7
0
17 3 1
3
8 3
4
16 1
0
13
17 0
8
6
4
13
18 0 1
19 3 0 1
19 2
4
18
8
10
15
8
2
4
12
20 1 0 2
9
7
19
11
12
6 2
21 2 1
8
3
3
22 1 2
14
21
2
1
21 3
23 1 0 2 3
24 2
25 2 1
6
0
13
4
19
0
24 0
19
0
4
25 0 3
11
6
0
7
22 0
6
14
26 0 1 2
27 1 3
6
22
28 0 1
13
16
29 1 0 3
21
6
19
19
1
22 3
19
27 2
27
15 3
4
27 0
3
30 0 2 3
12
28 3
0
27
15
-1
3
3 1 0
1
2
2
2
0
2
3
1
0
0
3
3
1
3
3
0
3
0
3 2
2
2
0
3
2
3
4 2 1
5 1
3
1
6 0 2
5 0 2
0
3
7 0 1 2
8 0 1
1
3
6 1
9 0
7
10 1
3
11 1 0 2
12 2 1
0
1
10 2
8
11
0
7
13 2
8 2
5
7
10
14 1
6
10 0
15 1 2
3
15
16 0 1
7
17 1
7
18 2
15 0
17
7
19 2
20 2
13 0
21 1
16 2
18 0 1
15
21 0 2
13
21
22 2 0
21
10
15
16
20 0 1
13 1
14 0 2
4
23 0
1
13
22 1
19
24 0 2
8
25 2 0 1
21
12 0
25
11
6
26 1 0 2
27 2
14
15
14
23 1
15
28 0 2
6
-1
5
1
5 2 0 1 4
2
6 3 0 1 2 4
1
3
0
4
2
6
1
6
1
2
7 1 2 3 4
8 0 1 2 4
5
4
1
9 0 1 2 4
6
10 2 3
11 1 0 2
2
6
12 2 4
2
2
6
13 4 1 2
12
0
4
14 3 0 1 2 4
8 3
15 0 1 4
8
14
0
15
6
11 3 4
5
9
8
11
16 2 1 3
0
4
5
7 0
17 4 0 3
9 3
1
2
18 0 1 2 3
5
13 0 3
19 1 3
19
11
1
5
8
0
3
12 0 1
18 4
2
20 1 3 4
8
12 3
11
21 4 0
22 2 0
10 0 1 4
23 2 4
18
22 1 4
11
12
23 0 1
24 0 2 4
2
18
17
22
25 4 0 1
15
25 3
23 3
9
15
24 1 3
12
12
26 4 1 2 3
1
5
21 1
24
26 0
16 4
7
27 1 3
21 2 3
0
0
15 2
4
12
24
6
5
28 4 0 3
3
14
29 4 0
15 3
30 0 2 4
23
3
31 0 3
32 3 0 1 2 4
2
23
16
33 4 0 1 3
15
18
6
5
29 2
25 2
29 1
17
12
25
34 2 1 3 4
18
0
7
2
25
35 4 0 1
30 1
22 3
21
22
-1
5
1
0
1
1
0
4
0
1
2
5 3 2 4
0
3
5 1
4
2
2
1
3
4
0
1
6 2 0 1 3
1
0
2
7 4 0 1 2 3
7
0
4
1
6 4
7
8 3 1 4
0
8 0
9 0 1 4
1
10 2 0 1 3 4
3
8
4
3
0
11 1 2 4
12 3 2 4
3
5
1
5 0
6
9 2 3
9
3
5
0
3
13 0 1 4
14 0
15 4 1 3
8
16 2 1
17 2 0
16
12 1
7
18 4 0
8 2
5
19 4 1 3
16 3
12
10
1
16 4
8
2
12 0
14 2 3 4
13 2
15 0 2
1
17 4
20 3 2 4
14
4
16
21 4 1
22 4 1 3
23 0 2 3 4
10
15
0
24 3 4
25 1 4
4
16
26 3 0 2 4
19
27 1 2 4
14
22 2
28 1 0 3
22 0
17
12
13 3
14
6
1
2
8
20 1
29 0 1 2 3 4
9
29
30 0 1 2 3 4
4
27 3
12
15
31 3 0 1 4
27 0
18 1 2
9
13
6
2
-1
3
0
1
1
1
2
2
3 1 0 2
4 2 0 1
1
3
4
3
0
4
1
3
3
0
0
4
1
5 2 0
6 2 0
1
1
6 1
2
3
6
7 0
3
8 1 2
1
3
3
5 1
3
1
1
1
7
5
9 1
10 2 0 1
10
11 2 1
12 2 1
9 0
9 2
7 1 2
0
9
1
1
7
8
4
1
0
12 0
8
13 0 1
10
8
7
14 2 0
15 0
3
15 2
12
4
2
14 1
6
8
4
9
10
16 1 0
4
5
17 2 0 1
2
1
7
5
18 1 0 2
19 1 0 2
7
20 0
21 0 1 2
13
12
7
22 1 0
20 1 2
0
8 0
16
22 2
21
23 1 2
1
24 0 1
19
12
15 1
-1
5
0
5 4 0 2
1
6 4 0
1
0
6 1 3
7 1 0 3
4
7
1
3
1
5 1
2
1
0
4
1
8 3 4
4
7
2
9 2 1 3 4
6
2
2
2
10 3 0 4
0
9 0
0
8 0 1
1
5 3
4
11 1 2 4
1
0
2
3
6
7
10
0
12 2 0 1 3
13 1 0 2 3
5
2
14 1 0 2
10
2
15 1 2 3 4
15 0
16 3 1 2 4
17 3 0 1 2 4
2
6 2
10 1 2
4
18 0 1 3 4
19 0 2 3
19
10
19 1 4
5
20 2 0 4
4
21 3 0 1 2
12 4
22 1 2 3 4
13
17
12
23 0 1
18
2
18
18 2
9
7
21
18
13
23 3
3
11 3
11 0
8
3
2
11
5
14
13
21 4
23 4
10
3
20
5
16 0
23 2
5
24 4 2
11
10
8 2
16
9
12
1
16
2
20 1 3
0
1
23
25 3 0 2
23
24 3
18
15
26 1 0 2 3
25 1 4
6
6
24
2
9
14 3
27 4 0 1 2 3
28 1
25
26 4
29 3 1 2
15
25
30 4 2 3
31 2 0
13 4
19
7 2 4
32 4 0 1 2 3
23
1
5
24 1
33 2 0
16
34 1 0 2 3 4
28 0 3 4
29
35 0 3 4
6
5
23
13
19
31 3 4
18
36 3 0 4
8
20
32
20
29 0
3
37 2 1 3 4
38 0 2 4
6
39 2 0
40 4 3
3
11
9
41 2
20
22 0
42 3 0
22
22
5
43 3 2 4
12
20
15
17
38 3
15
44 2 0
25
19
45 1 0 3 4
-1
3
0
2
0
1
1
1
1
3 1 2
4 1 0
1
1
5 1 2
1
3 0
0
1
6 1 0
6 2
6
5 0
6
4 2
2
2
1
0
5
5
6
3
2
3
2
5
4
5
7 0 2
7 1
0
7
0
8 2
4
9 0 2
5
10 2 1
10
11 2 0
2
6
0
8
8 1
12 0 2
2
8
11
13 2
4
3
14 0 1
11 1
8
6
13 0
2
15 0 2
16 0 2
12
17 1 2
10
3
14
18 2
1
5
19 2 0 1
15 1
20 1 0
8
6
6
20 2
12 1
21 2 0
15
9 1
22 0 1 2
23 0 1 2
1
10
17
8
15
19
15
19
24 2
19
22
14
18 1
2
3
25 1 0
26 0
8 0
0
15
3
6
27 0 1 2
3
26
23
-1
5
0
4
4
1
3
2
1
4
4
3
3
4
5 0 2 3 4
1
0
3
3
2
5
1
6 2 1 3
7 4 0 1 2
4
2
1
0
8 1 0 3
4
5 1
9 3
10 3 1 4
4
7
6
9
10 2
11 0 3
3
4
10
12 0 1 2
13 3 0 1 2 4
5
0
5
14 3 0 1 4
12 3 4
6 4
15 1 3
12
3
16 0 1 2 3
2
17 4
18 0 2
11 2 4
7
11 1
19 1 0 2 3 4
16
20 1 2 3
1
21 3 0 1 4
7
6
7
6 0
16
6
20 0 4
11
21
16
11
20
7
21 2
15
18 3 4
22 2 0
10 0
0
13
4
16
23 2 0 3
24 4 0 1 2 3
15 0 4
13
25 0 1 2 3
8 4
26 0 1 3 4
8
27 2 4
25
20
25 4
27 3
25
28 2 3 4
1
13
18 1
26
3
6
23
16
27 0
2
7 3
28 0 1
10
8 2
11
29 0 3
30 0 1 4
11
31 4 0 3
11
18
19
31 1
12
4
32 0 3
26 2
0
33 0
2
34 4 0 1 3
19
16 4
-1
4
4 0 3
0
0
0
3
2
5 1
4
0
6 3 2
4
4 1 2
2
3
0
5 0
5 3
6 1
3
1
5
3
5
1
4
7 0 2 3
5 2
8 3 0 2
0
4
9 1 2 3
6 0
4
8
10 0 1 3
1
5
5
9
10
10 2
1
7 1
8 1
1
6
2
11 1 0 2 3
5
12 0 2 3
0
3
5
3
0
13 3 0
7
14 3 1 2
0
9 0
15 1 0 2 3
6
9
16 0 1
1
17 1 2 3
6
18 1 0
0
4
16 2 3
1
19 2 1
8
5
8
20 3
7
12 1
2
5
18 2
4
11
20
8
9
0
2
3
21 0
12
16
22 0 1 2 3
7
6
11
22
20 2
8
1
19 0
-1
7
1
1
5
6
2
7 6 0
2
3
8 3 0 1 4 5
9 1 2 4
6
5
9 6
0
1
10 1 3 4 6
5
3
5
5
4
11 3 4
10 0
8 6
12 4 0 2 5
0
7 1 2 4 5
13 6 0 1 3 4
9 0 3
7
1
14 3 2
8 2
3
5
0
14 1 5 6
10 2 5
11 0
11 1 2
15 2 1 3 4 6
7 3
4
16 6 2 3 4
13
2
9 5
14 4
12 3
10
9
16 5
7
0
14
6
17 6 0 2
18 1 3 4 5 6
2
17 1 3
13
19 3 1 2 4
20 1 2 4
21 0 1 2 3 4 5 6
22 0 1 2 4 5 6
8
23 0 1 2 4 5 6
24 1 5
25 5 0 1 2 3 6
16 0 1
0
14 0
23
16
5
17 4 5
11 5 6
14
26 6 3 4 5
7
27 3 0 2 5
28 6 0 1 2 4 5
10
7
12 1
0
27 1 4
25 4
20 0 6
10
1
29 1 3 5 6
10
11
23
14
5
11
14
30 4 0 1 2 5 6
27
11
8
19 5
-1
7
2
1
7 1 0 2 4 5
6
0
2
3
4
8 5 3 4
0
5
9 1 5 6
5
2
3
10 2 0 1 3 5
7 6
8 0 1 2 6
10 6
2
0
5
2
0
4
5
3
5
8
4
9 3 4
3
6
6
7 3
4
2
5
5
5
10 4
5
1
1
7
8
10
1
0
9
5
1
1
10
1
11 6 0 1 2 3
7
12 0 2 3
1
11 5
1
13 4 0 2 5
3
9 2
6
10
6
14 4 0 5 6
4
2
14 2 3
1
8
15 2 1 3 6
10
8
13 3 6
11 4
6
0
0
11
8
9
0
4
4
0
12 1 4 5
14 1
6
14
8
12
9
4
4
10
11
16 1 0 3 4 5 6
7
16
11
11
14
2
0
17 1 0 3 4 5 6
6
13
6
9
13 1
3
7
18 5 0 2 4 6
13
-1
5
4
1
3
2
4
3
5 4 0 2 3
1
0
0
2
2
6 3 1 2
4
0
4
1
7 1 2 3 4
3
1
1
1
1
5
2
6 4
7
5 1
2
7
7
1
8 3 1 2 4
2
0
3
9 4 0 1 2
4
10 2 4
5
11 4 0 1
9
9 3
11 2
7
3
3
6
12 1 2 3 4
5
13 3 0 1 2
9
12
5
2
14 1 2
0
4
15 4 2
16 3 0 1 2
16 4
0
17 4 1 2 3
2
11 3
9
7 0
14 0 4
5
18 2
3
1
10 0 1
7
5
19 1 0 3
17
0
1
7
10 3
20 4 0 1 3
2
9
19 4
20 2
14
6
2
5
8 0
20
8
16
4
2
15 0 3
9
0
21 4 3
2
11
-1
3
3 1 0
1
4 1 2
5 1 2
3 2
2
6 1 0 2
6
4 0
5
7 0 1 2
6
0
4
4
4
0
8 0 2
5
4
9 2
0
8
5 0
10 1 0 2
7
11 0 1
7
1
11 2
9 0
1
2
11
3
0
2
2
8
3
8 1
12 2
8
3
4
4
11
13 2 1
14 0 2
9
15 0 1
16 0 1
3
5
3
12 1
3
14 1
17 1 0 2
17
5
18 0
15
4
4
2
4
10
3
19 0 1
20 2 0
3
9 1
7
21 1 2
17
16 2
10
22 0 1 2
8
10
2
15 2
23 0 2
6
17
23
5
1
16
24 2
25 2
16
3
20
15
5
21 0
0
26 1 0 2
26
17
27 0
3
28 1
14
8
19
23
17
11
18 1
26
28 0 2
28
17
20
17
1
29 1 0
30 0 2
17
31 1
11
28
6
29
8
21
26
32 1 0 2
30
0
8
5
16
33 1
28
34 1 0 2
22
35 0 1 2
36 1 2
37 1
35
31
6
20
19 2
38 2 0 1
11
15
39 2 0
-1
3
2
0
3 0 1
4 1 2
5 2 0
2
2
6 2
5
4 0
7 2
8 2 0 1
9 1 0 2
4
5
2
3
8
10 2 0 1
7 0
11 0 2
12 1 0
11
0
11
11
7
10
10
8
8
11 1
9
13 2 1
2
14 0 1 2
14
1
9
7 1
11
12 2
6
14
7
6 0
15 0 1 2
16 2 1
6
11
2
12
13
10
17 2
15
16
10
10
1
14
7
13 0
7
13
16 0
18 0 1 2
19 0 1
13
20 2 0 1
20
21 1 0 2
17 0 1
12
8
8
17
4
22 0 2
17
11
23 2 1
24 2 0 1
25 2 0
23
15
19
24
25 1
21
26 2
25
22
27 0 1 2
28 2 1
3
3 2
24
11
2
6
29 1 2
9
11
20
7
0
3
15
30 1 0 2
1
11
31 1 0 2
-1
7
7 3 1 2
8 1 3 4
3
9 6 2 3
1
10 2 0 3 5 6
8 2 5
0
7 0 6
0
4
5
11 0 1 2 5
7 4 5
3
2
12 1 0 5
8 0
3
6
7
13 4 1 3 5 6
13
10
9 0 1 5
4
12 4
14 4 0 1 2 3
15 2 1 3 4 6
4
16 0 2 3 4 5
11 3 4 6
15 0
7
17 0 2 5
14 5 6
18 1 0 2 3
11
10 4
1
19 4 1 2 5
20 1 3 4 5 6
8
15
2
21 6 2 3 5
6
19 0
0
18 6
19 3
12 2 6
13 0
14
6
3
10
13 2
22 3 1 4 5 6
3
20 0 2
14
23 2 0 3 5
6
2
24 1 3 6
11
25 5 0 2 4
18 4 5
21 1
7
19 6
15 5
26 2 1 4 6
21 0 4
15
2
4
17 1
15
26 5
15
4
20
4
2
27 3 0 5 6
3
26
22
7
3
28 6 1 2 3 4 5
29 5 1 2 4 6
29 0 3
20
27 1 4
30 1 0 5
15
1
-1
7
1
5
7 0 1 2 3 6
5
7
0
5
6
4
7 4
2
8 1 0 2 4 6
5
6
6
7
3
4
6
9 2 0 1 6
10 1 3 4 6
7
5
4
2
0
3
11 0 3 4
9 3
10
8
12 0
11 5 6
12 1 2 4 6
1
2
9 5
10 5
13 2 0 3
1
12 5
5
14 3 1 4 5
11 1
8 5
5
2
15 4
2
15 0 5
16 6 0 4 5
5
9 4
17 5 3
6
13 1 6
10
4
0
2
18 6 3 5
19 0 1 2 4 5
20 3 1 5 6
6
1
11
8
18 0 1 2 4
9
21 1 0 5 6
22 2 0 4
23 1 2 4
13 4
14 0 2 6
11
10 2
6
2
24 1 0 2 3 4 6
23 3 5
11
13
13
19 3 6
0
5
2
3
6
9
12
22 1 5 6
1
25 1 0 2 4 5
13 5
4
26 1 0 2 3
27 2 0 1 3
28 1 0 2 3 4 6
29 2 0 1 3 6
27 4
30 5 0 1
5
30 3 4
31 0 2 3 5
9
22 3
0
20
10
29 5
-1
6
0
5
0
0
4
0
0
6 2 3 4
6 1 5
4
6 0
7 2 5
5
1
5
2
7 3
7 0
8 4
5
3
0
2
7 1 4
7
2
7
1
6
1
2
7
1
5
9 3 0 1 4 5
10 4 1 2 5
3
9
2
10 3
4
11 0 1 2 4 5
3
7
10 0
5
1
12 0 3 5
13 0 2 3
14 5 1 2 3 4
8 1 3 5
9 2
10
15 0 2
15 4
8 2
3
7
4
1
1
9
3
10
16 5 1 2 3
14
17 4 2
9
16
18 4 0 1 2
19 1 2 3 4
4
17 1 5
5
18 3
6
8
20 5 0 1 3 4
8
18
21 5 1 2 3
7
18
8
0
10
4
22 4 0 3 5
2
9
23 5 2 4
24 0 3 5
4
21 0
17 0
1
8
25 2 3
19 5
1
0
6
1
17
20 2
2
-1
7
6
7 6 0 2 3 4 5
6
3
7
2
8 1 2
4
4
1
2
3
7
6
9 2 0 5
3
2
10 1 0 2 3 5 6
11 6 0 2 3 4
11 1 5
11
7 1
7
6
8 6
7
2
5
12 1 0 3 5 6
13 6 0 1 3 4 5
8 0 4
5
12 2 4
4
10 4
12
14 2 3 4
4
9 1 3
11
13
6
12
5
10
3
15 2 3
6
16 6 3 4
17 3 5
0
10
15
10
8 3 5
5
18 5 0 3 4
19 5 1 2 3 6
9
14 5
4
1
15 0 5
20 5 1 2 3 4 6
21 6 0 1 3 4 5
22 2 1 3 5
9 4
9 6
23 1 0 4 5 6
21 2
14
4
18 1 2 6
24 4 0 1 2
1
24
25 4 0 2 5 6
2
23 3
24 3 5
26 5 4
11
9
13
0
20
19
7
23
13 2
1
3
0
27 4 0 1 2 5 6
16 0 1 5
23
12
15 4
7
28 4 0 1 2 5 6
29 6 0 2 5
30 6 2
21
15 1
31 5 0 2
24 6
19 4
29 1 3 4
32 6 2 5
20 0
33 5 1 2 6
34 6 0 1 4 5
17 0
16 2
-1
3
0
3 0
4 0 1 2
5 1 0
5 2
4
0
0
4
3 1
0
4
4
6 2 0
2
2
4
1
2
0
1
3
0
7 1
0
4
0
7 0
8 1 2
5
9 2 1
10 0 1 2
7 2
8
7
5
11 2 0
7
10
10
6 1
3 2
10
10
2
6
12 0 2
0
0
12
8
8 0
2
0
7
12
4
11 1
5
0
4
13 0 1 2
11
9 0
11
0
14 1 2
3
7
14 0
15 1 2
10
13
12 1
11
16 2 1
13
9
0
7
0
11
17 0 1
3
9
16 0
18 0 2
17 2
13
0
13
0
16
10
11
15
17
2
11
6
8
3
-1
3
3 1 0 2
1
3
4 1 2
5 2 0
6 2 0
2
1
7 1 2
5
4
8 0 1 2
9 0 2
10 0 2
7 0
4 0
11 1
6
10
7
7
6 1
2
6
12 0 2
3
7
13 1 0 2
14 0
3
1
11 0 2
9 1
6
11
13
14
15 1 0 2
2
16 0 1 2
9
0
8
17 1 2
12
11
0
18 0 1
8
5
19 2 1
20 2 1
1
6
19
1
9
11
16
13
6
21 2 0 1
2
22 2 0
0
23 0
21
24 0
25 0 1
8
26 0 2
12
13
19 0
24 1 2
8
16
9
27 2
28 0
5 1
16
15
27
7
1
16
15
18 2
22 1
24
29 1 2
17
23 2
26
20
14 1
19
26
15
30 1
27 0
31 2
22
32 1
1
1
31 0 1
32 2
0
7
20
3
11
27
33 2 1
15
23
34 1 0 2
22
0
13
35 1
12
36 1
37 0
38 0 1 2
21
39 0 2
12 1
19
40 0
3
41 0 2
40 1
2
42 2 1
23
43 0 1 2
43
29 0
17 0
44 2 0 1
14
45 2 0 1
40 2
46 2 1
4
46
-1
6
2
0
1
6 5 1 3 4
7 1 2 3 4 5
7 0
8 2
9 4 0 2 3
10 4 1 2
6 0 2
1
11 4 1
8 0 3 4 5
2
1
12 4 2 3
7
13 3 2
3
4
3
9 5
14 3 0
13 0 4
14 1 4 5
4
14
0
7
10 0 3 5
7
15 0 2 4 5
14 2
11 0 5
13 1 5
8 1
1
16 4 0 1 5
12 0
14
0
16 2 3
17 4 0 1 2
13
8
17 5
18 4 0 2 3 5
10
4
19 0 3 4
11 2
19 1 2
12 5
20 1 0 5
3
20 4
21 2 0 1 3 4
19 5
20 2 3
0
8
15 3
16
22 2 5
21 5
1
1
12
6
17 3
6
16
5
9
1
18 1
23 3 2 4 5
24 1 4 5
21
5
25 1 4 5
14
1
12
0
26 2
25 0
24 0 2 3
23 0
6
27 0 2 3 5
7
28 4 0 1 5
18
23
22 0 3
10
29 0 1 2
30 1 2 3
29 4
31 2 0
19
32 2 5
33 2 5
14
-1
5
5 0 2
4
6 2 4
0
0
4
7 1 0 2
4
4
2
3
6
0
8 0 3 4
0
0
5 4
3
3
1
0
5 1
3
7 3 4
9 4 1
9 2 3
10 4 0 1 3
8 1
9
10 2
11 4 1 3
12 4 0 1 2
3
3
3
4
7
13 0 3
1
5
3
11 0 2
9 0
10
7
14 4 0
12 3
15 2 0 4
16 1 2 4
14 1 2 3
7
3
10
5
11
11
5 3
11
11
16 3
17 2 3
2
10
5
18 0 3 4
2
19 1 2 4
14
10
6 1
10
8
20 1 3 4
2
21 2 1 3
22 0 3
13 4
8
8 2
20
15 1
23 0 1 2 3 4
24 0 1 2
12
25 2 3 4
5
5
20 2
17 0
17
13
1
26 2 0 1
2
26 3 4
27 0 2 4
12
22 1 2
8
9
28 3 1
29 4 0 1
-1
6
5
1
6 4 0 3
0
2
5
6 5
6
4
0
0
0
7 1 2 3 5
7 0
5
8 3 5
2
5
8 0 1 2
4
5
9 2 0 1 5
2
10 4 2 3 5
11 0 1 2 4
12 2 3
13 5 0 3
5
4
10 0
9 4
14 1 0 4 5
15 3 0
16 2 0 3
17 2 0 4
5
16 4
18 0 5
19 5 2 3
1
19 0 1 4
20 2 5
9
12 0 1 5
21 3 4
0
9
5
22 5 0 2 3 4
23 5
5
16 1 5
5
11 3
17 3
24 4 0 5
1
10
25 2 4 5
17 1 5
4
9
26 0 1 2 3 4 5
4
26
10 1
19
14
23 2 4
14
23 0 3
22
1
15 5
27 2 0 1 4
1
0
28 0 4
11 5
28 5
29 3 0
1
30 3 0 2
29 1 2 4
11
5
16
31 1 0 2 4 5
14
8 4
20 3 4
32 2 1 4 5
33 3 0 1 2 5
34 2 0
23 1
2
1
16
22 1
31
32
35 1 2 5
11
3
8
28
16
9 3
16
16
13 4
22
31 3
30 4
13 1
20 1
7
2
26
17
3
26
3
17
32 0
34 3 5
36 0 2 4
8
14
37 3 1
3
29 5
36
38 3 1 4 5
39 4 0 1 2 5
24 3
40 1 0 4
12 4
20
10
41 2 0 1 4
9
29
0
35 0 3
19
33
42 1 0 4
41
-1
4
1
4 2 1
2
2
1
2
1
5 2 0 1
2
6 1 2 3
4 0 3
1
6
3
7 1
4
3
2
8 3 0 1 2
1
5 3
6 0
1
3
6
4
9 0 1
10 2 0 1
2
5
9 3
4
3
6
5
7 0 2
9
5
1
1
11 1 2
3
12 1 0
13 0 2
14 1 0 3
6
10
12 3
15 2 3
6
11 3
2
5
2
3
15 0
7 3
7
1
16 0 1 2
10
17 0 3
6
10
10
0
12
1
9
17 2
4
18 0 2 3
16
15
9 2
12 2
19 0 1
11
20 2
15
12
13 3
21 0
18
1
8
15 1
22 0 1 2
3
12
6
7
22 3
12
22
22
1
3
1
0
8
16
23 0 2 3
18
-1
5
3
5 3 0 1 4
3
2
2
2
0
2
4
1
4
2
2
4
0
4
5
2
2
3
0
1
5
1
2
4
0
0
3
4
6 2 0 1
4
6 4
1
6 3
1
4
5 2
2
7 1
5
1
1
8 0 1
2
8 4
6
3
3
3
9 3 0 2
5
1
9 1 4
0
1
2
10 2 0 4
10 3
11 1 0 4
7 4
6
11 3
4
10
12 0 1 2
1
8 3
4
3
13 0 2 3
14 3
1
11
2
15 3 0 2 4
15
15
5
3
5
8 2
7 0 2 3
6
16 2 0 4
0
8
17 1 2 3 4
18 2 0 4
15 1
19 0 3 4
18 3
15
18 1
20 1 2 4
5
17
3
21 0 1
12 4
4
10
22 3 1
3
19 1
6
12 3
23 4 0 1 2
24 3 1
-1
4
3
4 1 0 3
3
2
4 2
5 1
6 1 2
2
4
1
0
7 1 0
8 3 1
3
8 2
6
2
2
2
9 3 1 2
3
1
9
10 3 0 2
11 0 1 2 3
12 3
1
2
7 2
3
1
13 3 0
3
8
10
3
11
6 0
12 1 2
10 1
5 2
14 2 0 1 3
14
7
15 1
11
14
10
3
4
6 3
7 3
7
1
16 1 0 2 3
5 0 3
17 0 1 2 3
16
8 0
18 1 3
12
17
19 1 2 3
9 0
20 2 1
18 0 2
21 2 3
18
4
14
11
22 3 2
3
17
7
1
23 0 2 3
18
22 0
24 1 0
25 0 1
5
12
4
22 1
24
19 0
18
10
26 3 1 2
16
27 0 2 3
11
13 1
21 0 1
9
1
26 0
17
0
28 0 1 2
5
7
24 2
14
24 3
1
29 0 1 2
13
4
30 0
25 2
4
31 2 0 3
18
32 0 1 2 3
33 0
9
14
12 0
11
34 0 2
35 2 1
15 2 3
36 3 2
16
23
14
3
7
8
29 3
36 0 1
18
28 3
4
-1
3
2
3 1
4 1 2
5 1 0 2
0
6 1
7 2 0 1
6 0
7
4
6 2
4
6
0
1
0
8 1
6
8 2
0
2
8 0
3 2
4
5
5
4 0
6
0
2
9 1 0
1
4
2
6
0
4
1
0
1
8
10 2 1
8
0
5
11 0 2
3
3 0
11
1
11
10 0
12 1
1
9 2
3
2
7
1
6
11
13 0
9
9
14 0 1
12 0 2
15 1 0
3
12
10
12
16 2 0 1
9
17 0
15 2
6
11 1
13 1 2
0
9
8
15
16
13
9
13
15
4
16
18 0 2
19 0 2
13
7
13
20 1
12
20 0 2
6
17 1
7
6
21 1 0 2
18 1
12
11
15
18
6
20
21
21
2
22 0 2
6
22 1
18
10
11
8
6
1
21
13
18
-1
4
2
4 2
5 0
5 1 2
5
0
3
3
2
1
5 3
2
5
6 1 3
5
4 0 1 3
1
7 3 2
8 3 1
2
8 0
1
4
6 2
9 1 0
3
6 0
5
6
10 3 2
11 3 2
5
7 1
12 1 0
2
1
1
7
6
13 0 1 2 3
6
12 2 3
3
13
11 0 1
14 1 0 3
0
0
1
12
6
15 3 1 2
14 2
3
1
16 3 1 2
17 1 0 3
17
7
1
18 2 1
9 2
17
8 2
19 1 3
20 1 3
8
0
19 0
18
10
11
4
1
8
7
21 0 1 2 3
3
3
0
13
0
16
7
11
16 0
22 2 0 3
0
12
20 2
3
6
11
8
3
23 0 1
8
8
0
5
0
7 0
2
11
16
13
13
24 3 0 1
11
6
25 3
12
21
12
26 1
14
3
13
13
9
27 0 2 3
23
22
21
2
28 2 1 3
11
6
11
8
27 1
29 0 2 3
30 0 1 2
29 1
6
24
-1
6
4
4
0
3
2
2
3
4
4
1
6 1 0 2 3 4 5
3
7 1 2 3 5
7 4
0
2
3
4
8 0 1 2 3
1
9 2 1 4 5
5
2
10 4 0 5
0
9
4
3
11 0 1 5
0
0
1
4
1
3
5
11 4
0
12 3 0 1 2 4
0
10 1 3
10
4
5
12 5
13 2 0 1 3 5
13 4
14 0 1 3 4 5
2
15 3 0 1 4
5
16 0 2 3 5
0
17 5 0 1
17 2 3 4
10 2
12
10
15
0
0
8 5
1
16 4
15 2
6
5
2
7 0
12
7
16
8 4
16
0
2
12
17
14
5
2
7
13
15
10
18 3 5
15 5
10
15
19 4 3 5
7
13
18 0 1 2 4
2
7
12
7
17
20 2 0 4
19 0 2
15
5
18
14
17
16 1
6
19
21 0 2
5
18
15
22 1 2 3
10
3
23 5
24 3 0 1 2
-1
7
5
6
7 2 0 1 4 6
4
0
0
6
1
1
8 2 0 3 4 5 6
9 0 1 3 4 5
3
2
10 3 2 4 5 6
7 3
7
2
1
11 6 0 1 3 5
8
8 1
10 0 1
2
11 4
6
4
0
3
2
10
11 2
12 6 0 1 2 4
10
9 6
1
13 4 0 1 2 5
9
1
3
11
11
12 3 5
11
10
5
2
8
9
5
14 2 1 3 4 5
13
12
2
2
0
3
2
12
0
15 6 0 2 3 4 5
1
16 4 0 1 2 5 6
17 4 0 1 3 5 6
18 0 2 3 4 5 6
15 1
12
6
11
8
13
14 0
18
4
19 2
5
0
11
14 6
8
15
12
3
19 1 4 5 6
14
16
11
20 2 0 3 4 5
8
15
21 1 0 3 4 5 6
8
3
18
22 4 2 3 5
6
17 2
23 3 0 1 4 5
1
11
4
15
11
24 0 5 6
-1
7
1
7 5 1 4 6
2
7 0 2 3
7
2
0
3
8 3
7
6
3
4
3
0
4
1
6
1
0
2
9 1 2 3 6
10 6 0 4
5
1
6
1
3
5
4
1
6
11 1 0 2 3 5 6
4
5
12 4 0 3
6
4
7
13 0 2 4 6
14 0 4
4
6
14 1 2 5 6
14 3
13 3
8 1 2 4 6
15 0 3 4 6
15 2
5
0
9
3
0
1
3
9 4 5
13 1
6
13 5
16 3
3
2
16 1 2
13
12
14
8 0
7
4
13
17 3 0 1 2 4 6
13
17
0
8
7
2
12 1 2
18 0 4 5
19 4 0 5
16 0 4 6
20 3 0 1 2 5
21 1 2
10 3 5
0
19 2
11 4
1
19 1 6
1
9 0
16 5
22 5 0 1 3 4
23 6 1 2 3
19
24 0 2 3 6
11
10 1 2
25 2 6
3
22 2 6
9
12 6
26 1 0 2 4 5
25 1 3 4
1
6
2
27 1 0 2 5 6
14
6
28 2 0 1 4 6
29 1 2 3 4 5 6
30 1 0 2 3 5 6
29
31 1 6
32 3 1 2 5 6
31 2 5
8 5
12
8
10
7
33 3 1 2 4 6
25 5
5
18 1 2
0
17
2
31
9
16
27
23 4 5
7
32 0
14
34 5 0 1 4
6
23 0
26 3 6
14
35 4 0
24 4
31 3 4
9
36 1 0 2
15 5
37 5 0 1 2 3 6
38 6 1 3 4
7
12 5
36 3 6
38 0 2
2
18 3
0
39 2 4 5 6
0
35 1 2 5
11
2
35
29
40 1 0 2 3 5 6
37
34 6
41 3 0 1 2 6
11
38 5
-1
4
4 2 0 3
0
0
2
0
0
4
2
5 1 2
3
5 0
6 1 0 2
0
5
6
7 1
7 0
1
8 1 0 3
7 2
1
7
3
1
6
7 3
7
0
1
6
5 3
5
7
8 2
3
8
3
7
5
1
8
3
1
5
8
9 1 2
4
6 3
10 3 0 1
3
11 3 0 1 2
9 0
1
12 1
8
9
13 0 1
13 3
3
10
5
5
14 0 3
0
13
15 1 0 3
5
3
1
14
11
3
7
11
3
10
4
2
16 2 1 3
17 3 1
16
9 3
1
16
11
18 2 0 1
13 2
8
10 2
19 1 0 2 3
12 0 2 3
9
15 2
20 0 1 2
6
12
21 1
20
18
0
4 1
1
0
21 0 2 3
22 1 3
17 2
1
23 2 1 3
14 2
8
0
24 3 2
25 2 3
15
14
11
6
10
23
3
16 0
13
9
6
24 1
9
16
4
20
4
11
24
26 3 1 2
24
9
9
2
3
19
1
7
12
-1
5
3
0
5 1 0 2 3
5 4
0
3
6 2 1 4
7 2 1 3
0
3
5
6 0
3
7 0 4
0
8 0 1 2 4
0
9 0 1 3
8
1
7
8 3
9 4
1
2
1
10 0 1
1
2
3
5
11 1 2 3 4
5
1
3
11
12 1 0 3
4
3
1
8
0
8
13 0 2 3
4
13 4
8
12
3
14 1 0 3
6 3
15 0 3 4
15 2
5
0
5
4
11
2
9 2
14 4
1
15
6
12 2 4
0
16 3 0 4
11 0
2
12
9
17 0 4
7
8
15
13
18 1 0 2 3 4
3
2
19 2 1 3 4
20 1 0 4
0
21 4 1 2
10 3 4
1
14 2
22 2 1 3
4
17 2 3
23 1 0 3
24 4 3
24 0 2
25 3 0 2 4
10 2
10
11
8
11
11
13
4
5
22 0
9
26 1
21 3
15 1
27 4 2
20 2
10
14
25
17
19
9
18
28 2 0
2
4
14
-1
6
0
5
2
0
1
6 5 0 1 4
2
3
4
7 1 2 4
0
8 4 1 3 5
7 0
6 2 3
9 5 2 3
0
3
8 0
10 2 0 3
6
4
0
11 4 0 1 5
12 1 2 3
0
11
7 3 5
3
13 3 0 1 4 5
3
10 1 4
2
2
6
8 2
14 4 0 1
4
7
3
12 0 5
3
4
15 1 2 3 4
4
12
10 5
6
16 2 0 3
14 2 5
17 4 1 2 5
7
10
10
18 0 4
16 4 5
13 2
1
7
18 2
19 2 1 3 4
20 4 0 1 2 3 5
3
21 5 0 4
0
4
10
13
20
13
12
16 1
8
9
12 4
1
22 4 0 3 5
8
17
22 1
20
18 3
20
5
17 0 3
5
14
5
23 0 1
10
14 3
15
24 0 1 2 3 5
25 3 0 4
3
1
16
26 0 1 2 3 4
4
8
27 2 3
-1
7
6
3
3
6
0
5
1
7 5 0 2 4
0
3
5
2
8 0 1 6
3
4
0
4
8 4 5
2
6
6
0
0
5
3
1
8 2
0
7 1 3
6
8
8
6
1
9 0 3
10 3 0 2 4 5 6
1
10
0
4
4
4
7 6
11 4 3 5 6
8
9 5 6
0
4
9 1 2
12 2 0 1 3 4 5
11 1
7
13 1 2 4 5
10 1
4
5
14 4 0 1 2
3
15 0 2
16 2 0 5 6
7
17 6 0 2 4 5
18 6 0 4
0
19 3 0 4
18 1 2
20 6 1 2 4 5
15 3 4 6
18
15 1 5
21 5 0
22 3 0 2 4
18 3
14 3 5
20
7
7
10
0
20 0
19 1 2 6
22
17
15
8
11
23 0 1 4 5 6
24 6 1 2 4 5
11 0
24 0
15
1
14
19
25 6 1 2 5
10
17 1
23
18 5
24 3
22 1
26 0 1
27 1 0 3 6
24
27 4
20
7
9 4
11
26 2 3 4 6
13 3 6
1
9
20
20 3
7
28 1 0 2 4
15
29 2 0 1 3
0
30 0 1 2 4 6
27 2 5
30 3 5
18
19 5
5
31 6 3 4 5
29 4 5 6
3
28 3 5
-1
5
0
5 2 1 3
3
0
2
6 4 1
0
2
6 0
3
1
7 1 2 3
7 4
0
7 0
8 3 0 1
2
9 2 1 4
10 1 2 3
5 0 4
10
8 2
8 4
10
10
2
5
11 4 0 1 3
12 4 0 1 2 3
12
9 0
2
11
13 0 2
14 4 1 2
15 2 3
16 3 0 1 4
0
11 2
16 2
2
17 1 0 4
18 3 1 2 4
14
1
1
7
5
11
19 4 0 1 2
15 0
0
3
3
10 4
20 1 4
21 3 0 4
22 0 1 2 3
14
12
23 4 0 1
1
17
10 0
2
7
10
19 3
10
11
7
23 3
10
5
9 3
24 3 1
9
14 3
23
25 4 2
21 1 2
6 2
21
0
18
7
25 0 1
16
8
15 1
6
26 4 3
13 3 4
4
17 2
27 3 1 4
0
5
7
5
28 1 4
18
13
29 2 1
6 3
28 0
3
22
26
2
18
2
10
30 1 4
23 2
30 0 2
24 0 2 4
6
30
22
7
12
3
12
6
31 4 1 2
-1
4
1
4 2
4 3
4
0
3
5 3 0 1 2
0
5
6 0 1
5
4 0
2
3
7 1 0 2 3
5
4 1
7
1
7
1
5
0
0
2
4
6 2
2
5
3
5
1
6
4
6 3
8 1 2
5
9 2 0
9
1
10 2 1 3
8 3
4
6
11 3 1 2
12 2 0 1 3
13 2 1 3
2
4
6
7
7
13
0
3
1
14 2
8 0
11 0
15 1 0 2 3
8
13 0
6
14 3
16 3 1
9
17 2 0 3
6
16 0
5
17 1
2
2
16
15
13
11
3
17
18 3
14 0
1
8
8
19 3
20 1
19 1
16
5
21 3 1 2
22 2 0 3
15
8
0
1
6
15
5
21 0
21
1
12
0
17
13
23 1 0
11
24 3 1 2
23 2
17
25 0 2 3
25 1
26 0 3
27 0 2 3
16
26 1
28 1 3
29 2 0 3
30 0 2 3
7
27 1
12
4
17
18 0 1
11
27
4
12
31 1 2
32 0 3
0
33 3 2
15
21
25
34 0 2
10 0
12
23
12
20 3
23 3
25
13
13
7
8
35 3
10
16
36 2 0 1
6
18
5
37 1 0 3
4
4
38 0 2
39 0 2 3
25
5
16 2
32
40 3 1 2
7
29
9 3
0
41 2 0 1 3
36 3
5
22 1
3
18 2
0
23
28
42 3 0 1
34 1 3
30 1
42
19 2
1
5
43 1 2
44 2 0 3
38 1
22
21
9 1
5
45 0 2
21
18
1
46 1
24 0
5
47 3 1 2
14 1
34
48 2 1 3
16
44 1
19 0
49 3 2
2
6
41
6
4
47 0
28 2
9
2
9
44
32 1 2
27
4
50 2 0 1
51 0 3
13
52 0 3
5
53 0
37
23
52 1
12
50 3
51 1
13
40
46 0 3
26 2
54 2 0
16
16
1
7
41
37
22
34
55 2 1 3
36
-1
5
2
3
5 3 0 1 2 4
5
4
5
0
4
0
5
4
1
4
0
0
0
2
1
5
6 3 0
6 1 2 4
1
5
5
3
6
7 2 0 4
8 2 3
9 0 3 4
1
1
8 0 4
9 1
7 3
3
1
8 1
4
2
3
9 2
9
4
2
8
1
3
2
9
3
8
6
10 2 3 4
8
5
11 0 1 2 4
6
0
8
4
5
8
2
12 3 0 1 4
7 1
4
11
1
7
11
4
8
12
9
2
13 2 1 4
5
10 1
11
13
10
13 3
7
5
11
5
0
1
12 2
7
9
12
2
4
10 0
2
7
1
12
14 2 3 4
13
5
11
9
12
10
15 0 1 4
8
16 4 0 1 3
4
2
7
13
14 0
13
14
8
7
11 3
10
14
11
17 2 4
1
4
14
13
15 2 3
3
3
1
5
17 0
11
9
8
18 1 0 2
3
5
13
5
5
4
8
2
2
1
7
1
0
17 3
2
8
10
19 1 3
2
15
15
14
4
1
13
11
11
8
5
12
1
19 2
14 1
19 4
19 0
8
1
2
5
17
6
20 3
17
16 2
21 0 2 3
15
22 1 2 3 4
9
22 0
23 1 3 4
21 1
13 0
24 2 0 1 4
11
9
22
3
16
25 4 0 1 2
18 3
5
24 3
6
26 3 2
19
-1
8
8 7 0 3 4 6
9 0 2 5 7
10 3 2 4 5 6
11 0 2 3 4 6
10 1 7
7
12 1 0 2 4
4
0
7
2
0
7
10 0
10
13 4 1 3 5 6 7
13 0
13
1
5
13
12 3 7
7
7
8 1 2 5
1
14 5 0 3 4
0
11 1 7
13
12
3
6
7
9 4
15 3 4 6 7
7
16 5 1 4
12
14 6 7
2
0
8
7
17 0 4 7
9 3
17 2
0
0
18 6 1 5
6
6
7
18 0 4 7
19 4 0 1 3 7
14 2
20 1 0 2 3 4 7
21 3 1 4 5 6 7
4
3
15 2 5
16 2 6 7
22 5 0 1 4 7
18 2 3
4
23 4 0 5 6
24 2 0 4 5 6
12 6
25 1 2 3 5 7
11
9 1 6
14 1
20 5 6
18
13
26 2 0 3 4 5 6 7
27 7 0 1 2 3 4 6
28 7 2 5 6
25 0 6
23 2 3 7
13
29 4 0 2 3 6 7
2
30 4 0 1 2 3 5 7
28 0 3
29 1
5
30
7
19 2 5 6
17 1 3 6
31 4 2 3 7
30
8
12
28 4
31 6
24 1
19
32 7 0 1 4
5
10
18
31 5
24
33 6 0 2
34 3 0 2 4 5 6 7
8
30 6
10
35 3 0 4 5 6
36 7 1 3 4 6
21 0
2
19
33 5 7
37 6 0 1 2 3 4
38 0 1 5 6
15
36 2
37 5 7
23
34 1
39 3 1 2 4 6 7
37
13
26
33 1 3
27 5
11
20
40 1 0 2 3 5
30
37
41 5 0 1 6
42 4 0 2 3 6 7
32 2 3 5 6
36
30
22 2
43 7
2
44 2 3 4 6
45 2 0 1 3 4 5 7
10
15 0 1
38 3
46 6 0 1 2 3 7
26
39 0
39 5
19
29 5
2
40 4 6
17 5
47 2 1 3 4 6 7
0
5
19
0
9
0
35 1 2 7
44 0 1 5
48 7 0 2 3 4
23 1
2
49 4 2 3 5 7
29
17
15
50 5 0 2 4
25 4
29
21
5
25
51 1 0 2 4 6
3
21
43
10
49 0
45 6
42 1 5
52 2 0 3 5 6
33 4
44 7
46
17
24 3
41 2
46 4 5
48 1
1
45
22 3
30
18
35
42
38 2 4 7
53 2 0 1 3 5
10
54 7 0 1 4 5
42
-1
6
3
3
3
4
6 1 2 4 5
7 3 0 2 4
4
2
8 4 2
2
4
2
7
0
0
0
1
1
3
9 3 0 2 5
7 5
2
2
4
1
1
1
10 0 2 3 4
6 0 3
5
9
10 1 5
10
5
7 1
11 3 1 2
7
0
2
12 5 0 1 3
0
8 1 3 5
1
5
6
10
12
12 2
11
13 4 1 5
14 4 2 3
15 4 0 2 3 5
9 1 4
15
5
1
16 2 0 1 4
8 0
5
0
1
14 1
17 5 3 4
4
18 4 0 1 2
1
7
1
12 4
12
4
9
5
1
19 5 0 2 4
0
6
13 2
18 3 5
4
19 3
12
0
12
20 2 0 4 5
6
21 5
18
21 2 3 4
22 3 1 2 4
23 1 2 5
23 0 3 4
24 3 0 2 5
16 5
15 1
10
25 2 4 5
26 5 0 1 2 4
27 0 1 2 4 5
6
8
13 0
17 0 1
3
6
28 1 3 5
21 0 1
23
20 1 3
2
29 0 4 5
2
1
30 1 3 5
11 4 5
3
11 0
8
16 3
12
31 4 3 5
32 3 0 2
16
19 1
11
3
14 0
8
17 2
9
12
18
15
26
17
30
19
28 4
0
0
14
14 5
26
9
3
9
33 5 0 3
30
34 2 0 1 4 5
7
28 0
23
35 4 3
36 3 4
22
29 1 2 3
22 0
24 1 4
2
37 0 5
29
26
4
37 2
7
20
9
15
38 2 0
36
29
19
39 2 1 4
40 0 2 5
15
38 3 5
41 3 0 1 2 4
29
42 5 0 2 3 4
8
16
17
7
43 3 0 1 4 5
25 3
44 5 0 1 4
45 2 0 1 3 4
40
14
41 5
12
25
6
28
23
44
24
7
27
24
46 1 3 5
-1
5
4
1
4
2
1
5 3 0 1
5 2
6 2 0 3 4
7 3 0 1 4
2
8 4 3
8 0 1 2
2
5
9 3 1 4
0
1
4
4
5
1
10 3 0 1
8
1
5 4
4
7 2
2
7
0
1
1
5
5
3
4
1
11 2 0 1
0
4
0
4
5
12 3 1
0
13 1 0 3 4
4
5
7
14 0 4
8
8
7
7
15 3 2
2
15 0 1 4
2
12 0 4
15
14 2
14 1
4
12
16 3
0
15
17 0 1 3 4
18 3 0
1
14 3
11 3
19 1 0 3 4
2
20 0 1 2 3
2
2
21 2 1
19 2
22 2 0 3 4
1
23 0 2 4
17
18 1 2 4
8
19
15
11 4
6 1
4
15
4
8
12 2
18
24 3 2
23 1 3
25 1 4
14
13
10 2
2
22 1
17 2
15
7
0
11
8
17
5
26 0 1 3
24 0 1
14
17
27 0 1 3
21 3
28 3 4
5
3
2
14
29 1 0 3
30 4 2 3
1
1
18
3
28 1
3
0
19
11
29 2
30 0
25 0 2 3
31 0 1 2 3 4
19
18
32 1 2 3
17
33 0 4
27
34 4 1
35 4 0
36 1 0
11
12
27 2
37 4 2 3
33 2
27
38 3 0 1 4
39 3 0
8
2
20
24 4
20
17
12
27 4
40 4 2 3
22
9 0
23
14
38
27
31
3
41 3 1 2 4
10 4
28 0 2
25
33 1 3
30
14
39 4
39 1
14
37 0 1
4
14
9
3
1
14
42 4 2
7
43 3 0 2 4
4
4
31
44 2 1 3 4
4
45 1 0 2
46 0
47 3 0 4
0
48 4 1 3
42 0 1
49 2 1
18
3
8
22
8
28
11
50 3 2
7
51 1 4
52 0 3
53 3 0 2 4
24
27
54 1 0 2 3 4
8
55 3 0 1 4
55
34 0 2
56 2 1
51 3
32 0
23
46 1
57 3 0 1
11
56 0 4
27
13 2
10
46 3 4
55 2
58 3 2 4
48 0
13
25
-1
9
5
6
5
5
9 2 0 1 3 4 5 6 7
10 7 0 1 5
2
1
7
7
8
8
11 3 2 5 6
6
2
4
10 2 3 4 8
6
0
9 8
6
0
3
8
12 1 0 2 3 8
8
12 4 6
2
11 0 4 7
7
13 0 1 4 6
7
3
14 5 0 2 8
12 5
14 1 6
14 7
9
14 3 4
4
15 6 0 1 2 5
3
1
16 5 1 2 3 4 6 8
17 4 0 1 2 3 5 8
13 5 7 8
8
18 5 0 1 3 6 7
18 2 4 8
4
5
19 3 5 6 8
20 4 3 5 6 7 8
5
21 5 0 2 3 4 6 7
7
10 6
2
21 8
16
22 8 0 1 2 3 4 5 6
10
12
23 6 0 1 2 4 5 8
7
13 3
7
19 2 7
12
19 4
20 0
24 6 3 7 8
21
25 1 0 2 3 4 5 6 7
21 1
18
23 3 7
20 1
26 2 0 1 7 8
27 3 0 4 5 6 7
10
28 7 0 1 3 4 5 6 8
24 0 1 2 5
29 5 0 1 2 4
25
30 7 1 2 3 8
24
23
9
10
21
20 2
24 4
4
25 8
30 0 4 6
31 0 4 6 7 8
29 8
8
14
32 8 4 5 6 7
14
7
28 2
23
2
0
33 4 0 1 3 5 7 8
4
33 6
28
5
34 1 0 5 6 8
3
34 3 7
7
30 5
15
8
17 6
12 7
30
27 2 8
3
18
7
1
6
24
6
4
35 7 3 4 5 6
0
2
36 4 3 6 7 8
26
37 1 0 2 4 6 8
4
30
26 4
38 8 2 3 4 5 6 7
28
27
21
19
14
32 0 2 3
29 3 7
37 5 7
39 2 0 1 4 6 7 8
40 6 2 5
2
16 7
8
41 0 1 4 5 7 8
26 5
42 2 0 1 5 6
37 3
5
2
14
41 2
5
25
18
4
23
37
34 4
29
43 4 0 5 6
32 1
13 2
7
10
44 1 3 4 5
39 3
7
42 3 4 7
45 1 0 2 3 4 7
2
4
15 4
27 1
25
23
46 1 0 4 5 6 7
47 7 1 3 4 5 8
6
6
43 1 2 7 8
20
1
48 3 2 6 8
47 6
49 5 2 6 8
26 3
50 0 1 2 5 7 8
10
51 7 0 1 4
52 6 0 2 3 4 7 8
34
30
53 7 0 2 3 4
12
19 0
7
17 7
29 6
11 1 8
23
17
40 0 4
54 0 3 5 7
50 3 4 6
42 8
30
12
20
32
55 8 3
4
56 1 2 3 5 8
23
-1
4
1
4 1
0
4
3
4 2 3
4 0
5 2 3
1
1
3
3
2
6 2 1
6 3
0
4
7 3 0 2
2
2
1
8 2 0
9 3
7
10 3 1 2
11 0
11 2 3
12 1 2 3
13 2 3
14 0
15 2 0 1 3
11 1
3
16 3
6 0
17 3
9
18 3 0 1
3
9 2
7 1
19 2 1
16 2
16 0
16 1
13 1
7
14 1 2 3
14
18 2
16
4
9
3
6
3
20 2 0 3
13 0
7
17 1
17 0 2
18
6
21 1 3
5
9 0
11
22 0 1 3
18
21
9 1
20
13
23 0 2 3
24 1 0 2 3
0
23 1
22
25 3 0 2
19 0
13
6
9
9
9
4
11
23
11
26 2
11
15
6
17
27 0
24
2
27 1 2
22
6
10 0
28 3 0 1
11
7
29 3 2
29 0 1
8 3
29
30 0 1 2 3
5 1
25
31 3 0 1 2
15
24
25
5 0
21 0
7
5
8 1
25 1
32 0 1 3
3
3
30
32 2
22 2
10
29
33 0 1 2
26 0
24
26 1
9
28 2
34 2 1
3
16
17
22
35 1 0 2 3
36 2 0
15
14
30
37 1 0 3
11
33
9
0
17
8
32
37 2
30
20 1
38 3 0 1 2
39 0 1 3
3
36 1
40 0 2
9
29
13
20
41 1 0 2
2
34 0
41 3
25
42 1 0 2
43 2 0 1
25
22
43 3
44 0
36 3
45 3
39
13
42
46 2 1
7
31
47 0 2 3
15
31
31
48 3 0
41
1
6
46 0 3
30
3
47 1
35
3
41
5
42 3
41
0
49 3 0 2
30
28
14
42
3
33 3
43
50 3 0 2
27 3
49
31
1
26
51 0 1
12
49 1
31
0
52 0 2
53 2
7
23
9
48 1
39
44 2
54 1 0 3
52
12
-1
4
4 2 0 1 3
1
3
5 2 3
3
2
2
3
6 0
3
0
7 0 3
1
7 1
2
6 2 3
1
3
3
3
2
1
8 1 2
2
2
3
2
8
2
4
9 0
10 1 2 3
2
2
5 1
10
7
9 1 2 3
6 1
3
11 1 0 3
11
6
12 2 1
13 0 1 2
14 0 2 3
15 3 1 2
15
9
2
13
16 2 1 3
17 0 1 3
9
0
10 0
16 0
15
13 3
1
18 1 0 2
19 2
20 1 2 3
6
12 0 3
13
21 0 1
22 1 0
16
4
23 0 1 2 3
8 0
7 2
24 2 0 1 3
8 3
6
12
6
2
7
20
25 1 3
4
26 2 0 1
26
27 2 0 1 3
26 3
13
16
23
7
17 2
28 3 2
15
12
25
29 2 0
3
12
22 2 3
4
9
30 2 0 1 3
12
31 1 2
28
32 1 3
12
33 3 0 1 2
20 0
8
3
33
5
34 1 0 2 3
14 1
35 1 0
20
21
14
36 1 2
37 2 0 3
13
28 0 1
0
1
34
9
1
29 3
33
13
20
38 3 0 2
23
17
32
19 0
39 0 1 3
27
19 3
15 0
40 0 3
26
21
41 3 0 2
24
18 3
11
30
34
42 2 0 3
9
43 3 0 2
44 2
11 2
4
9
3
8
10
9
1
43 1
45 3 1
46 1 2
47 2 3
12
26
28
17
48 3 0
7
0
36
35
6
3
14
24
34
26
24
37 1
43
29
7
49 0 1 2 3
35 3
24
33
0
25 0
9
9
41
42
25 2
50 0 2 3
51 2 1
52 1 2
28
53 1 0 2 3
12
29
44 3
27
29
48 2
49
38
54 0 2
21 2 3
19
23
26
55 3 1 2
56 1 3
14
20
56 0 2
57 3 0 1 2
58 1 0 3
6
40 1
18
6
59 2 1 3
-1
3
3 0 1 2
4 2 1
0
2
3
4 0
2
5 0 2
3
6 2
1
0
3
7 0 1 2
6
1
8 2 0
2
3
9 1
0
5 1
10 1
10 0 2
11 0
9 0 2
12 2 0 1
9
5
6 0
5
4
12
7
13 1 2
4
8
14 1 0
11 1
6
5
11 2
7
12
15 1 2
2
6 1
16 1 0 2
14
17 2 1
7
11
18 2
8 1
4
10
19 2 0
20 2
5
6
2
18
21 1 0
20
4
9
4
18
3
16
14 2
10
16
10
22 0 1
21 2
22
14
0
23 0 2
22 2
10
1
2
22
4
18
3
6
13 0
24 2 1
15
25 2 0 1
12
18 1
19 1
16
7
12
26 1 0 2
27 1 0
6
23
28 2 0 1
29 2 0 1
9
2
8
25
21
15 0
29
10
30 0 2
8
30 1
22
31 1 0 2
5
32 2 1
33 1
10
4
13
7
30
28
20 0 1
1
34 0 1 2
22
21
29
35 0 2
21
23
36 1 0 2
37 1 0 2
20
38 2 0 1
2
14
27 2
39 0 1
10
19
38
22
35
0
26
6
12
1
40 1 0
18 0
41 2 0
12
3
42 1
9
43 0 1 2
1
16
44 0 1 2
45 1 2
41
21
30
16
4
46 1 2
13
16
42 0
35 1
12
47 1 0
2
45
36
4
42
3
35
25
5
20
48 1 2
18
49 0 1 2
10
42
44
41
50 1
51 1 0
33 0 2
44
41 1
40
-1
4
2
0
2
0
0
4 1 0 2 3
5 0 1 3
0
3
4
1
0
6 1 2 3
3
3
4
4
7 2 0 1
4
8 3 0
2
9 0 2
6
10 2 3
7 3
8 2
5 2
9 1 3
2
5
9
4
4
5
5
3
3
1
0
7
0
10 0
11 3 0 1 2
7
10
2
3
7
11
5
10
12 1 0 2 3
10 1
13 2 3
3
9
8 1
13 1
2
2
8
8
2
8
1
6
3
0
12
11
10
14 1 0 3
15 2 0 3
0
3
16 0 1 2
0
7
17 3 1
18 2 3
0
12
13
19 3
20 3 0 2
5
0
4
12
3
13 0
21 2 0 1
11
19 1
22 2 0 1
10
13
7
19 2
14 2
23 2 0
4
24 2
14
25 3 0 2
4
7
26 1 2
17 0 2
2
0
1
18 0 1
6 0
22
27 0 1 2 3
2
4
20
11
28 0 1
18
23
19
17
19
29 2 1 3
30 0 1 3
15
31 2 0 3
1
17
22 3
31 1
7
1
12
17
19
14
31
32 1 0 3
17
23 1
33 1 2 3
22
12
29
3
16
33 0
30
34 1 2
24 0 1
23
28
22
21 3
3
5
35 0 3
20 1
4
28 2
4
16
35
12
9
6
30 2
26 0
21
4
13
35 1 2
23
31
4
25 1
5
28 3
22
20
16
4
2
4
36 1 3
31
33
32 2
0
19
26
2
8
33
14
13
37 3 0 1
30
2
13
10
0
28
38 3 0 1 2
27
12
30
9
21
22
13
13
33
16
21
2
15
15
28
-1
6
4
5
5
4
1
4
6 1 2 3 4 5
1
0
7 0 2 5
4
5
7 4
8 3 0 4 5
9 1 2 5
10 5 2 4
10 3
9 3 4
8 2
6 0
7 1
8 1
4
7
4
7 3
11 5 3 4
6
10 1
8
0
12 5 2 3
13 0 3 4
14 5 0 1 2 3
9
15 5
15 0 1 2 4
12 0 1
16 0 1 3 4 5
17 4 0 1 5
11
9 0
15 3
12 4
16 2
18 1 3
5
16
6
1
1
19 5 0 1 3
17 3
2
18 2 4
20 3 0 1 2
16
11 0 2
3
10 0
21 4 1
2
20 4 5
22 5 1 3 4
8
17
12
3
4
6
11
7
14 4
23 3 0 4 5
22 0
14
17
15
12
24 3 0 1 2 5
21 0
13 2 5
2
3
0
13
25 3 1 4
23 2
6
26 2 1 3 4 5
11 1
20
21 2 3
25 0 2
4
5
26 0
9
21
19 4
27 3 0 2
12
21
21
13 1
20
26
21 5
3
15
3
27 4
28 0 2 5
5
6
29 5 1 3
30 2 3
8
27 5
0
3
28 1 4
31 2 1
20
19 2
12
27 1
25
29 2 4
27
1
9
4
32 5
7
20
10
33 2 0 1 4 5
11
2
34 5 1 4
25
31 5
5
29
27
7
35 1 0 3 4
3
3
23
18 5
11
22 2
27
19
20
30 0 5
16
30
12
19
32 0 3 4
3
36 5 0 2 3
37 4 0 2
32 1
15
14
32
38 3 0 4 5
25 5
39 2 0 1
23
30 1 4
12
40 5 0 1 2 3 4
41 1 3 5
37
19
42 2 0
16
20
37 1 3
43 5 0 1 3 4
0
26
44 4 0 2 5
45 3 0 4 5
31 3 4
43 2
46 2 4
20
47 4 0 2 3
16
15
33
15
48 1 0 4 5
49 3 2 4
-1
3
2
1
1
3 1 0 2
0
3
4 2 1
2
3
3
0
5 0
4
3
6 2 1
0
2
0
2
2
0
5 2
3
7 2
4 0
2
8 2 0
3
2
1
2
9 1
0
10 2
10 0 1
11 2 1
1
12 0 1
13 0
4
7 1
2
5
4
12
7
14 2
1
15 1 0
6
0
12 2
14 1
1
2
13 1
9 0 2
11 0
2
6
12
16 1 0
1
2
17 1 0
5
13 2
8 1
6 0
5 1
16 2
4
3
12
18 2 0 1
7 0
4
6
7
1
0
7
0
16
6
17 2
1
15 2
1
19 0 2
20 0
20 1 2
12
20
11
20
21 1 0
22 0
5
23 2 0 1
3
20
3
3
23
24 1 0 2
25 2 0
4
19
26 1
14 0
24
26 2
25
4
14
27 1 2
5
4
5
7
28 1 0
29 2 1
15
27
30 1 2
31 1 2
32 1
8
24
33 2 1
21 2
14
32 0
1
33 0
3
13
34 2
15
9
32
22 1 2
0
20
5
16
3
33
35 2
36 1 0
19 1
31 0
7
30 0
37 2 0
16
38 0
22
21
9
31
39 2 1
3
40 1
35 0
32
22
21
15
38
41 2 1
26 0
24
42 0 1
17
31
43 1
12
22
10
43 0
25
12
20
32 2
8
16
40
41 0
39
43 2
16
42 2
44 1 2
45 1 2
46 0 1
43
21
47 1 2
24
7
28
38
23
48 0 2
44
33
18
49 0
17
18
50 0 1
46
3
51 0 1 2
40 0
21
52 0 1
53 0 2
54 1 0
8
26
9
55 0 1
32
28 2
48 1
56 2 0 1
1
57 0 1 2
58 1 2
21
29 0
16
10
45 0
16
41
51
-1
4
1
4 2 0 3
5 2 0 1 3
0
3
5
5
1
3
6 2 0 1
0
5
3
0
7 3 1
0
5
4 1
2
6
7 0
8 2 0 1 3
1
0
9 3
7 2
3
3
0
7
0
2
2
9 0 1 2
0
10 2 3
4
8
4
5
6
4
6 3
10
7
1
0
11 3 1 2
10 0 1
6
0
12 2 1
0
13 0 2
12 3
13 1 3
2
10
5
9
6
3
13
14 2 3
13
7
15 3 1
3
15 2
9
0
6
6
8
0
13
11 0
12
6
16 3 0 2
3
17 2 0
7
18 0 1 2 3
19 0 2 3
20 0 2
16
8
2
7
18
6
13
11
17
14 1
3
5
9
8
6
21 3 0 1
21
20 3
22 3 0 2
13
14
23 0 1 3
16
4
9
18
24 0 2
3
25 2 0
22 1
6
26 3 1 2
11
10
20 1
27 0 2 3
28 1 0
19
24 3
25 3
27
13
21
17
19
25
19 1
0
23 2
29 0
0
29 2
7
30 1 0
13
11
29 1
31 1 0 2 3
24 1
32 0 3
33 0 3
27 1
31
27
10
34 0 1
35 3 0
36 0 1 2
3
29
0
31
35 2
5
13
8
12
19
12
6
14 0
37 1 0 3
30
19
0
22
8
9
24
31
38 3 2
28 3
0
25
33 1 2
10
1
37 2
22
39 3 2
4
19
40 2 0 1
20
2
36 3
33
41 3 0 1
42 1 0 2
0
42
27
43 3 1 2
44 2 3
45 2 3
-1
4
2
1
0
4 0 1 3
0
4 2
1
0
3
0
0
5 0 1 2
2
2
4
6 2 3
5 3
7 1 2
3
0
7
7 0 3
1
7
6 0 1
2
2
8 0 1 2 3
9 1 2 3
1
6
3
8
10 2 0 3
11 1 2
12 0 2
8
12 1 3
10
11 0
13 2 3
6
4
4
13 0 1
9
4
12
9
14 1 0 3
0
2
14 2
13
1
10 1
4
2
8
13
2
0
0
0
11
1
3
15 0
11
13
16 2 1
12
15 3
17 2 1 3
13
18 2 0 3
6
11
18
9
9
15
12
12
2
19 0 1 3
7
3
19
4
14
20 1 3
19
21 0 1 3
22 3 0 1
6
23 3 0 2
19
16
5
13
1
10
4
0
14
12
23
24 0 1
3
17 0
19
25 2 3
0
8
15 1 2
12
8
7
15
12
1
2
26 2 3
22 2
24 2 3
2
4
12
19 2
25 0
9
27 1 0 2
10
9 0
28 3 0 1 2
29 2 0 1 3
17
4
29
14
4
30 2 1 3
6
21 2
24
26 1
31 2 1
12
11 3
10
18 1
13
32 3 1 2
13
33 0
10
16
3
19
27
34 1 0 2
13
0
7
23 1
1
26
4
18
35 2 0 1 3
26
23
1
3
36 3 0
18
16 0 3
7
16
13
19
28
10
37 2 1 3
34 3
38 3 1 2
39 1 0
25
40 0 1
41 0 2
21
42 3 0 1
27
37
2
31 3
27 3
17
43 3 0 2
4
42 2
19
13
34
2
0
14
-1
4
4 3 0 1 2
4
0
0
0
2
0
1
1
2
0
3
0
4
1
1
1
1
2
3
3
4
1
0
2
2
0
3
4
0
1
4
4
4
0
5 3 1
0
2
6 3 0 1
6
6
1
0
3
2
2
0
6
7 3 1
7 0 2
1
8 3 0 1
7
6 2
9 1 2 3
10 3 0 1
1
2
3
6
0
8
5 0
4
6
2
2
0
3
2
8 2
7
6
6
11 1 0 2 3
11
1
5 2
6
2
10 2
6
0
4
2
10
1
9 0
4
5
2
6
9
5
12 1 0 2 3
1
4
12
8
13 2 0 1
12
14 0 1 2 3
15 0 1 3
16 1 0 2
3
8
5
17 1 3
17 0 2
10
10
11
15
6
15
11
10
5
18 1 0
19 0 3
20 1 2
0
17
2
21 0 1 2 3
4
8
10
16 3
15
19 2
22 0 3
23 1 0 2 3
15
5
7
4
20 0
0
24 1 2 3
16
25 0 1 2
8
14
7
7
4
5
22 1
16
1
0
26 0
19 1
27 1 0 2 3
5
19
28 1 0 3
29 2 0
30 1 2 3
24 0
29
29
6
14
24
31 3
31 0 1 2
32 0 1 2 3
33 1
3
9
30
3
19
29
1
26 1 2
11
25
23
6
3
34 2 0 1
4
35 2 0 1 3
27
36 1
31
2
28 2
1
7
28
28
11
20 3
9
8
25 3
18
1
37 2 1 3
38 1 0 2
39 0 1 2 3
8
6
3
20
19
-1
6
4
4
2
5
0
6 4 1 2 3
4
7 0 1 2
1
8 0 1
5
7 5
8
7
7 3
9 3 1
2
7 4
5
5
9 2 4
2
7
9 0 5
8 2 5
7
10 1 5
11 3 1 2 4
3
2
12 1 0 3
4
11 0 5
9
1
7
6 0
3
10 0 2 3
12 4
8 3
1
2
7
9
13 0 4 5
14 2 0 1 3 4 5
3
9
4
15 5 1 2 3 4
14
0
9
9
10 4
10
1
16 0 1 4 5
3
16 2
14
17 3 1 4
5
2
9
15
4
3
10
13 2
18 2 4
11
19 0 3 4 5
14
20 0 1 4
3
2
5
4
13 3
18 3 5
7
1
11
16 3
12 5
7
21 4 5
5
21 0 3
22 4 1 2 3 5
18 0
4
5
9
3
23 0 2 5
24 0 4
7
21 2
23 3 4
9
25 4 5
14
26 2 5
27 5 3 4
11
12
3
17 0 2 5
1
16
17
20 2 3
9
5
18 1
21 1
5
10
14
14
13
28 3 2 4
26
13 1
3
9
27
29 2 0 3
21
5
30 3 1 4
26 0 1 3 4
30 0 2 5
31 1 0
32 4 0 1 5
1
20 5
21
25
33 3 0 1
4
34 3 0 1 2 4
34
13
24
14
35 2 1 3 4 5
1
22
29
32 2
26
1
11
2
21
1
2
36 3 1 2 4 5
7
8
1
22 0
37 0 2 3 4
38 3 0 1 4 5
34
22
32 3
9
39 1 0 2 4
24 3 5
40 3 1 4
41 0 1 3 4 5
42 2 3 5
31 2 3 4
43 5 0 2
24 2
14
6 5
44 1 0 3
45 3 0 5
12
7
18
20
30
46 0 1 2 3 4 5
45
47 4 0 2 3 5
40 0 5
20
42 4
48 4 2
49 2
15 0
9
20
14
50 4 0 3 5
12
42 1
22
7
18
26
0
3
31
32
19 2
51 0 1
52 3 1 2 4 5
45 1 2
48 0 1 3
43 1 4
-1
4
4 1 2
0
1
4 3
3
3
2
3
4
0
3
0
4
2
3
5 1 0 2 3
3
3
0
6 0
5
2
6 3
0
6
4 0
3
2
4
4
7 0 1 2 3
8 1 0
1
9 3 0 1 2
3
10 2 0 3
11 2 0
9
0
2
9
4
11 1 3
7
12 2
4
1
6
9
12 0 1 3
4
7
7
1
1
13 2 0 1
11
5
3
0
9
8
4
5
2
14 1 0 2 3
15 0 3
1
3
6 1
1
1
14
1
15 1
0
11
10 1
0
16 2 3
11
1
2
4
17 2 1
4
6 2
18 1 0 2 3
14
4
15 2
19 1 0
20 3 0 2
14
18
10
21 2 1
9
22 0 2
4
16 0 1
20
3
18
23 1 0 2
14
24 0 3
16
10
12
5
6
22
18
10
0
25 0 3
21 3
4
7
3
26 2 0
17 0
11
21
27 3 1 2
1
11
28 1 0 2 3
7
2
28
18
15
29 2 3
1
28
26 3
9
30 3 0 2
8
31 3
32 3 0 2
8
33 3 0 2
6
11
33 1
4
9
4
34 2 1
18
34 0 3
32
33
1
20 1
35 1 3
32 1
11
8 2
8
23
12
27
28
33
13
1
8
36 1 3
6
37 3
23
25
18
15
13 3
3
4
38 2
9
27 0
13
11
39 2 3
30
21 0
8 3
3
20
11
17 3
13
17
40 3 0 1 2
41 1 0 2 3
26 1
33
38 0
0
42 0 1 2
43 3
44 3 0
26
26
13
35
3
36 0 2
30 1
45 3 1
-1
6
4
4
2
4
5
4
2
0
4
6 4 0 1 3
7 5 1 2 3 4
3
4
4
4
1
4
2
5
0
6 2 5
8 0 2 5
3
5
9 0 1 4
9 2
10 0 1 4 5
11 1 0 2 4 5
10 3
12 1 0 2 5
11
6
5
13 3 4 5
7
14 2 0 4 5
0
14 1 3
6
15 4 1 2
16 3 1 4
7 0
17 3 0 5
8
0
11
10 2
18 4 0 1
7
19 3 1 2 4 5
20 5 0 1 3 4
14
17 1
13 1
20 2
19 0
14
13 0 2
17 2
3
21 4 2 3
22 5 1 3
18 2
5
0
17
18 3
23 2 0
24 3 0 2
0
25 2 3 4
18
23 1 3 4 5
10
3
0
4
14
5
15 3 5
3
26 2 0
27 3 2 4
1
28 2 1 5
19
2
14
6
11
19
17 4
26 1 3 4
29 2 0 3 4 5
30 3 1
31 4 2 3
32 4 2 3
3
22 2 4
28 0
20
12 3
12 4
32 0 1
33 2 1 4 5
28 3
26 5
27 5
34 5 2 3 4
0
29
35 5 1
6
36 3 4
37 5 1 2
38 2 0 1 3 4
30 2
4
26
39 2 1 3 4 5
37 3 4
2
7
40 2 3
0
34 0 1
41 5 0 2 3 4
42 0 1 2 3 4 5
42
43 0 1 2 4
1
44 1 2 4
5
7
38 5
29 1
9 3 5
20
11 3
1
38
13
24 1 4
19
32 5
31 1 5
45 4 0
42
14
15 0
16 5
19
19
21 0 1
28 4
18
41
43 3 5
46 3 0 4
25 0 5
18
10
11
5
6
13
30 0
26
16 0
36 0 2 5
21
5
7
8 1 3 4
5
2
2
15
14
10
47 5 0 2 3
48 1 0 2 4
11
36 1
21 5
34
12
13
1
16 2
0
14
44 0
32
17
27 0
13
18 5
31
19
47 4
1
-1
7
1
7 2 3 4 6
0
4
2
2
7 1 5
7 0
7
3
8 5 1 3
6
8 0 2
9 3 5 6
0
7
10 4 0 1 2 3 5 6
8 6
11 4 1 2 5
10
12 3 1
11
1
3
1
12 0 2 4 5
6
10
5
4
12
0
5
13 3 0 4 5 6
14 6 0
1
14 3 4 5
9 0 1 2 4
11 0 3 6
15 6 0 1
16 0 1 5 6
17 3 0 4 5
5
18 5 0 1 4 6
19 4 0 1
20 0 3
3
4
2
16
1
21 1 0 2 4
3
1
22 3 0 2 4 5
20 5 6
1
3
23 3 0 2 4 6
20 1 2
21 3 5
13 2
8
20 4
18 3
19 3
14 1
9
9
12
7
19 2 6
24 2 0 3 4 5
3
0
25 4 0 2
23 5
11
22
10
0
22
26 6 0 1 2 3 5
9
27 1 2 5
28 0 1 3 6
19
11
13 1
8
26 4
27 4 6
17 1 2
9
20
28 4
21
21
22 1 6
11
14
22
17
9
20
11
18 2
10
16 2
4
29 6 0 2 4 5
20
3
28 2
9
1
24 6
13
1
30 5 0 1 2 6
7
29 1
3
27 3
24 1
5
16
3
28 5
23 1
10
7
31 5 0 2 3
32 3 2 4 6
33 4 0 1 5
25 1 3
16 4
20
30 4
34 4 0 3 5
14 2
35 4 0 1 2 3
33 2 3 6
35 5 6
33
36 0 1 2 3 5
37 5 0 1 2 3 6
16
33
30 3
22
19 5
32
4
13
38 6 0 2 3 4 5
39 4 1 5 6
13
9
35
32 0 5
40 5 0 1 6
0
41 4 0 3 5 6
7
14
19
14
42 0 2 3 4 5 6
43 0 2 4 5 6
44 2 0 1 4
45 0 1 3
11
21 6
46 0 1 2 3 5 6
27 0
14
20
47 0 1 2 3 5 6
31 1 4 6
23
23
18
48 1 0 2
23
22
5
46
9
1
23
10
49 2 6
50 0 3 5 6
41 2
9
41
41
39 0
7
7
1
34 1
6
43 1
34
2
4
51 4 1 2
22
25 5
-1
6
4
0
1
3
2
5
3
0
1
5
6 5 3 4
1
0
2
6 0 1
5
2
7 3 1 2 5
8 4 2 3 5
9 2 1 3 5
8
2
8
10 4 0 2 3 5
5
7 4
11 0 1 3 4
9 0
4
10
6
11 5
11 2
3
7 0
2
6
1
5
12 3 4 5
1
3
6
0
0
6 2
12 0 2
11
6
2
13 3 1
13 0 2 5
14 2 0 1 4
1
15 5 0 4
14 5
1
13 4
16 0 1
17 5 2 3
6
7
0
2
0
5
18 0 2 3 5
8 0
9 4
19 1 0 2 3 4
20 0 1 2 3 4
20 5
5
21 2 4
12 1
0
22 0 1 5
17 1
4
8
17 4
20
22 2 3
23 5 0 1 2 4
12
24 0 3 4 5
8
25 5
22 4
11
5
26 2 0 4 5
26 3
27 3 1 5
10 1
15 1 2 3
16 2 3 5
20
11
28 2 5
11
7
4
23
24 1
24
13
29 2 1 3 4
22
4
29 5
24
26
19 5
9
16 4
28 1
22
21 3 5
3
27 2 4
14
25 0 1 2 3
2
18 4
30 0 2
12
31 3 1 2 4 5
14
8 1
7
11
28 0 3
32 2 1 4
2
1
6
14 3
31 0
10
24 2
33 4 0 2 3 5
18
34 5 1 2 4
35 2 1 3 5
29
29 0
32 3 5
13
36 0 2 3 4 5
37 0 3 4
23 3
7
38 0 4
39 2 0
40 1 0 3 5
7
0
5
19
0
38 1 3
24
9
25 4
21
20
41 2 0 1 4 5
42 2 0 1 4
21 1
43 3 4 5
24
37 5
44 4 1 2 5
7
45 0 3 4 5
46 0 2 3 4
27
22
34
14
47 4 0 3
6
21
48 3 0
5
24
0
10
30
33
49 1 4
14
31
29
43 0 1 2
31
50 4 0 1 2 3
20
18 1
39
3
44 3
51 0 3 4 5
6
30 1
15
5
35 0
-1
8
3
4
0
8 1 0 4 5 6
8 2 7
7
8
7
2
9 5 1 7
10 0 2 6 7
0
7
9 0 2 3 4 6
4
6
11 0 3 4 5 6 7
1
12 0 5 6 7
8 3
13 0 1 2 5 7
12 1 3 4
7
11 1
7
0
2
0
1
13 3 4
1
12 2
4
9
5
4
14 3 0 6
9
15 2 0 1 3 4 7
14 5 7
2
16 6 2 3
9
17 0 1 2 5 6 7
16 0 1 4 5
12
12
12
18 2 0 7
0
10 4
5
0
15 5 6
10 1 3
13 6
9
16
14 1 4
1
4
10 5
19 6 0 1 2 3 4 5
20 7 1 3 4
11 2
19
1
21 0 1 2 3 5
16
6
22 0 1 3 4
7
7
13
4
19 7
21 4
6
13
23 2 3 4 6
24 7 0 2 4 5 6
3
25 6 1 2 3 4 7
6
26 7 0 1 4 5 6
26
4
0
4
14 2
27 1 0 4 5
26 2
28 3 1 6 7
29 2 1 4 7
8
27 2
30 4 0 1 2 7
18 3
31 0 5 6 7
7
32 2 1 4 5 6 7
33 3 0 4 6
34 4 3 5
31 1 3 4
12
19
35 3 0 2
31 2
12
36 0 1 4 6 7
18 5 6
5
37 4 3 6 7
17 3 4
4
17
30 5 6
35 7
34 2 7
8
38 0 3 4 7
0
35 1 6
39 1 2
39 3 4 6 7
37 0 1
29 0
17
35
40 2 1 3 4 6 7
4
22 5 6
41 3 0 1 2 4 7
16 7
3
19
42 3 0
37 5
22 2
31
43 4 3 5 7
19
16
16
11
31
26
27
15
29 5
36 3
25 0 5
16
1
28 2 4
37
3
44 5 1 3 6
23 0
45 5 0 4 7
32 0 3
0
41 5 6
16
35 4
10
11
46 0 3 4 6
3
27 3 6 7
33 2 5 7
40 0 5
13
3
24
37 2
37
25
37
21 7
27
40
11
47 7 1 2 3
22 7
27
2
1
48 3 2 5 6
33 1
27
14
8
37
25
40
14
45 2 6
46 5 7
49 3 0 5
31
-1
4
1
3
1
1
1
2
2
2
4 3 0
1
0
2
5 3
2
6 1 2
5 2
5 0 1
3
7 2 0 1 3
8 1 0 2 3
8
0
0
9 1 0 2 3
2
5
4
7
10 2 0
11 3 1 2
3
0
9
12 1 3
2
12 0 2
0
5
12
13 2 0 1 3
8
13
4 2
11
13
14 0 1
6 0
7
9
3
13
9
8
6
0
14
15 3 1
10 1
9
2
8
13
14
16 2 0 1 3
17 0
10 3
16
17 1
15 2
0
8
18 3 0
10
6 3
7
2
8
5
7
19 1 0
20 1 0 3
21 1 0 2
3
7
6
22 2 1
14 3
23 1 0 2 3
24 0 1 2
24 3
18 1
15
12
25 2 1 3
26 3 0
16
12
20
10
27 2 0 1 3
11 0
28 0 2
13
7
29 3 0
30 0 1 3
31 0
5
23
32 1 0 2 3
0
2
16
0
33 0 2
34 1 3
10
27
35 1 2
27
27
7
7
20 2
13
36 0 1 2 3
2
21
2
3
25
26 2
28 1
33 3
12
0
37 0 1
38 0
39 1 0 2 3
40 1 0 3
20
27
10
38 1
41 2 0 1 3
35
28 3
32
15 0
39
42 2
33
29 2
15
43 2 1 3
31 2
44 0
31
9
4
34 2
24
8
24
37 2 3
45 1 0 2
45 3
46 3 1
47 0 1
17 2
35 3
19 2
48 3 0 1
42 0 1 3
49 0 2
0
35 0
50 2 0 3
41
13
27
51 3 1 2
30
37
46
30
8
43 0
41
40 2
41
52 2
53 1 0
47
45
54 1 0 2
23
12
55 3 0 2
56 3 0 1 2
47
9
3
5
31 1 3
6
57 1 0 2
-1
6
0
2
1
3
5
2
6 2 0 3
1
0
7 0 2 3 4 5
6 4 5
3
3
2
7
0
6 1
3
4
3
5
8 0 1 2 5
8 3
2
8 4
3
1
5
0
2
2
2
8
9 3 0 2 5
6
10 3 2 4 5
2
6
11 2 0 1 4
6
12 1 3 4
3
7 1
7
1
6
12 2
13 4 0 5
8
9 4
14 3 0 2
7
7
11 3 5
8
10 0
0
0
3
12 5
15 1 2 3 5
2
14 4
16 5 0 3
7
9
14 1
16 4
17 0
0
18 4 2 5
19 3 1 2
9
6
1
20 4 0 1 2 3 5
17 1 3
3
21 5 1 4
8
6
13 2
22 0 1
5
8
23 4 1 5
16
10
18
15 4
18 0 1 3
24 2 0 3 4 5
4
3
25 1 0 2 3 4
23 2 3
26 3 0 1 2 4 5
17 2 5
27 1 4 5
7
14
19 5
8
7
23
25 5
7
8
7
4
20
6
18
20
28 3 0 1 4
20
17 4
29 3 4
23 0
12
30 5 0 1 4
7
26
26
31 0 1 3 4 5
22 3 4 5
23
8
32 0 2 4
3
3
3
5
23
33 0 4
6
34 2 1 3 4 5
35 3 0 1
23
35 2
6
32
18
30 3
36 0 2 4 5
12 0
35 5
12
28
1
22
2
37 2 1 4 5
33 1 2 3 5
31
38 2 1 4
39 5 0 1
0
11
17
16
1
15 0
24
3
20
3
8
40 3 2 4
27 0 3
41 4 0 2
42 4 1 2 3
8
24
15
35 4
43 0 1 3
15
8
42
38 5
29 5
5
16
28 2 5
44 2 0 1 3
44
9
25
3
23
45 0
42 0 5
11
5
44 4
15
16 1 2
0
45 1 2 4
28
42
46 5 2
15
6
39 2 3
41 1 3 5
17
46 1 4
16
47 3 0 1 2 5
7
48 5 4
49 4 3
2
36
29
6
50 1 0 2 3 4 5
51 2 0 3 5
5
21 2 3
6
16
4
19 4
52 3 1 2 4
18
50
53 5 0 3 4
34
10
18
35
35
16
15
48 0 1 2
39
4
22
37 3
13
54 0 1 2 5
55 0 1 4 5
53 1 2
4
21
5
12
11
0
8
42
-1
6
3
0
4
6 0 3 4 5
3
5
2
0
4
3
5
4
1
7 3 1 2 5
8 2 3 4
2
2
9 3 1
7 4
9 0 2 5
7 0
10 2 4
1
4
10 3 5
4
0
0
11 4 0 3
0
6
10 0
5
10
1
7
1
7
9 4
4
9
9
6
2
7
5
9
2
1
6 1
0
11 2 5
5
11
1
8 0 5
4
1
5
8
8 1
10 1
12 4 2 5
11
6 2
2
11
1
2
4
13 4 0 1 5
6
8
5
3
4
14 3 1 4
3
10
7
9
11 1
13 2 3
15 5 2 4
10
2
12 1 3
5
16 2 0 3
17 5 4
18 3 0 1 2 4 5
0
8
10
17
4
1
0
0
19 1 0 2 4
0
1
20 1 0 3 4
21 2 3 4 5
1
11
5
18
15 1
9
16 1
22 1 0 5
2
11
23 3 1 2 4 5
10
16 4
21 1
2
24 2 0 4 5
9
2
5
11
13
8
12
8
11
25 5 2 3 4
0
9
24 3
1
1
8
4
12 0
10
1
13
26 0 3 4 5
27 0 1 2 3 4 5
5
15 3
25
6
1
7
17 3
25 0
28 4 2 5
6
8
8
7
23
29 0 5
29 1 2 3 4
25 1
6
0
20 2 5
17 1 2
25
12
30 0 3 4
31 2 0 3 4
8
13
11
2
1
17 0
15
23
4
18
3
32 3 0
18
7
33 5 0 2 4
24 1
17
26
21 0
29
20
27
13
15
2
12
16
8
25
7
34 5 3
2
35 3 4 5
-1
6
4
6 2 1 3 4
3
2
2
7 3 1 2
4
8 0 3 5
7 0 5
3
4
3
3
6
1
4
3
0
3
3
0
8 1 4
1
4
0
2
0
8
9 1 0 2 3 4
4
6 0
2
3
1
10 5 0 2 3 4
6 5
1
11 5 1 3 4
12 3 0 4
2
12 1 2 5
2
1
13 1 0 4 5
2
0
3
5
10
7
10 1
1
9 5
13 2 3
13
4
14 4 1 2 3 5
5
6
12
5
14
4
15 5 0 4
16 5 0 2 4
15 1 3
17 5 0 1 2 3
18 1 0 2 4 5
9
10
14 0
10
19 3 0 2 4 5
15
10
19
20 1 0 4
3
14
9
12
0
6
7 4
5
17 4
14
9
21 0 1 2
8
8 2
10
22 2 0 1 3 4 5
23 3 2 4 5
24 5 0 1 2 3
24
0
18 3
24 4
0
20 2
22
11 0
10
25 5 0 2 4
17
18
3
5
26 5 0 4
27 2 0 1 3 5
27
4
19 1
22
28 3 0 4
8
29 3 0 1 4 5
17
9
22
6
9
9
9
2
13
12
2
11 2
12
22
30 0 5
0
31 3 0 1 2 4 5
19
32 1 0 3 5
6
7
28 2 5
27 4
15 2
6
14
3
6
33 5 0 2 3 4
24
27
32 2
34 0 2 3 4
23
32 4
31
20
31
18
24
35 4 1
10
36 5 0 2
37 2 1 4 5
21 4 5
2
9
19
16 1 3
38 4 0 5
17
7
7
39 0 4 5
11
38 2 3
15
6
4
40 1 3 5
32
41 5 0 1 2 4
42 2 3 5
38
29
17
43 3 0 1
35 3 5
13
44 5 2 4
25 1
13
37 0 3
41 3
39 2
14
12
27
45 4 0 1 3
46 0 4 5
4
17
-1
6
6 0 1 5
3
2
5
6 3
0
3
7 1 5
3
0
0
8 3 0 1 5
5
9 5 1 2 3
10 2 4
1
8
3
11 3 0 1 2
4
3
1
6 4
12 4 0 1 2 3 5
11 5
3
8 2 4
13 0 1 3 4 5
1
5
10 0 1
9 0 4
12
14 4 2 3
15 4 0 1 3 5
16 5 0 1 2 4
9
15 2
17 5 4
14
10 3 5
8
12
4
11 4
12
2
4
1
14
2
4
13
11
17 1 2 3
12
7 3
18 5
13 2
0
17
19 1 2 5
17 0
1
6 2
8
12
16
17
4
20 0 3 4 5
4
7 0 2 4
10
21 0 5
6
11
21 1 3
19 0 3 4
22 4 0 1 3 5
18 0 1 3
8
23 1 5
5
16 3
17
11
17
22 2
10
14 0
13
7
18 2
1
2
19
5
7
14 1 5
6
16
22
7
24 1 2 4 5
22
2
2
8
20 1 2
25 3 1 2 4 5
26 5 4
15
0
27 2 0 4 5
28 0 3 4
10
19
29 0 1
30 4 1 5
31 3 2 4 5
21
15
3
5
32 4 1 5
6
30
28 5
33 1 3 4
34 4 2 3 5
14
23 2 3
35 3 0
6
15
34 1
7
19
5
6
13
36 0 2 4
27 1 3
36 1
23 0
24 0
11
37 3 0 1
38 3 0 2 4
30 2
15
21 2 4
34 0
21
39 0 1 3 4 5
22
10
9
13
21
11
28 1 2
30
13
14
35 1 2 4 5
40 5 2 3
30 3
41 4 0 1
28
7
13
31 0 1
31
38
0
33 0 2 5
33
35
1
42 3 0 1 2 5
3
2
23 4
41 3 5
0
21
30 0
4
9
21
25
40 0
30
13
43 4 0
29 2 3 4 5
3
27
10
23
24
44 4 1 2 5
26 1 2
18
39 2
30
39
27
45 5 2 3
7
31
32 2
40 4
25 0
9
42 4
18
46 1 3 5
19
47 0 1 5
40
13
25
8
48 5 0 1 2 4
6
49 2 0 1 3 4
-1
7
7 2 0 4 5
3
5
4
6
5
0
8 4
7 1 6
8 2 3 5 6
8 0 1
9 5 0 1 2 3 4
3
2
10 0 2
4
10 4 6
1
0
10 3
4
4
11 3 1 4 6
12 5 1 2 3 4 6
13 3 0 6
8
5
14 0 1 2 3
1
13
12
9 6
1
15 4 0 2 3 6
2
12
11 0 2
15 5
16 1 5
17 0 1 2 4 5 6
1
9
5
18 1 0 3 5
14 4 5 6
2
19 6 1 2 3 5
10 1 5
3
20 1 0 2 3 5
18 6
6
4
4
21 1 2 3 4 5
12
1
14
9
19 0
13 1 4
10
3
4
17
12 0
22 4 0 5 6
8
23 4 0 3
9
2
16 0 3 4 6
10
24 1 0 2 5 6
17
2
8
5
25 0 5 6
18 4
5
8
23 1 2 5 6
11
2
26 3 1 2 5
3
27 6 3 4
27 1 2 5
5
17 3
26 4 6
11
28 2 0 5
29 3 0 1 4 5 6
20 6
30 4 0 1 2 3 6
28 4
16 2
31 6 0 2 4 5
22 2
32 5 1 6
19
0
33 5 0 2 3 4
34 4 3
26
18
29 2
25 1 2 4
35 1 2 4 5 6
31 3
0
1
17
36 0 1 5 6
22 1
34 2 6
16
11 5
25 3
31
0
37 2 1 3 4 5 6
13 2 5
29
32 2 4
0
18 2
38 1 0 3 4
21 0 6
24 4
1
21
21
39 1 0 2 3 4 5
32 3
23
36 2 3
25
5
19
12
3
32
31 1
20 4
24 3
7 3
40 6 1 2 3 5
9
25
7
41 0 1 2 3
8
3
12
26 0
23
33 1
34 5
21
42 0 3 4 5 6
34 0
43 1 2
22 3
0
18
42 1 2
23
19
30
27
0
1
9
42
39 6
35 0
34 1
42
12
17
32 0
41 4 5
5
29
1
44 6 3 4 5
43 4 5
37
45 3 1 4 5 6
12
43 3
46 6 0 1 5
11
28 6
20
8
19 4
4
3
47 6 0 4 5
0
48 4 0 1 2 3 6
29
49 3 2 4
6
3
48 5
41
2
44 0 2
23
25
38 2 5 6
-1
9
4
9 8 1 2 3 4 6 7
4
9 0 5
2
2
5
9
2
4
2
7
0
3
6
6
9
2
3
10 8 5
4
11 8 0 2 3 6 7
9
2
12 1 0 6 7
12 2 4 8
0
3
11 5
9
3
13 6 0 3 4 7
14 4 1 2 5 7 8
6
5
15 2 0 8
2
1
16 0 2 3
8
17 8 0 2 4 5 7
11 1
17 6
7
14 3
18 7 0 1 6
19 2 1 4 6 8
10 4 6 7
14
18 2 5
4
15 1 4 5 6 7
20 7 0 1 2 3 4 5 6 8
11
21 1 2 3 4 6 7 8
6
19 0
3
17
16 1 7
16 5 6
3
16 4 8
15
22 0 1 3 5 8
19 5 7
23 4 3 6 7 8
5
1
16
4
24 7 1 5 6 8
11
19 3
13 2 8
14
0
3
25 5 0 2 7
8
14 0
26 4 0 7 8
18
7
9
9
16
4
9
20
27 8 0 1 3 5
18 3
9
16
13
9
1
13 5
14 6
2
20
16
28 1 0 2 6 7
27 4 6
0
29 4 0 2 3 5
14
9
10 0 2 3
0
1
29 6
17
25 1 3 4
30 3 1 2 5 6 7 8
5
14
23 0 1
9
19
16
13
26 3 5 6
17 1 3
17
31 7 0 1 2 3 5 6
20
32 2 0 5 6 7 8
32 4
33 5 3 4
34 1 2 4 6 8
5
26
35 2 1 3
34 7
31 4 8
32 1
16
36 2 0 3 4 7
29 1 7
17
37 2 1 4 6 8
15
13 1
2
38 2 1 5 6 7 8
18 8
34 0
16
12 3
2
25 6
1
30
23 2
34 5
26 2
39 5 0 3 4 6 7 8
8
39 2
31
18
40 7 1 2 4
16
36 1 6
41 0 2 5 7
31
42 8 0 1 3 4 5 7
39 1
30 0 4
15
18 4
12
34 3
25
42 6
4
43 4 2 5
44 6 0 1 2 3 4 8
22
16
34
30
45 8 0 1 2 4 5 6 7
9
46 3 0 2 4 5 6 8
36 8
45 3
20
47 6 0 1 3 4 5 7
38 3 4
2
48 8 2 3 4 5 6
9
34
45
45
49 4 0 1 3 6 8
18
12 5
9
24 2 3
46 1 7
13
2
23
20
22 2 4 7
13
50 2 0 3 6 8
13
-1
3
3 2 0 1
3
3
2
0
1
0
1
2
0
0
2
2
4 1 0
0
1
2
0
0
2
2
1
5 0 1
6 1 0 2
7 2
5 2
1
8 2
5
2
9 1
0
9 0
4 2
2
10 2
6
6
1
6
6
2
3
8 0
0
5
11 2 0 1
12 1 2
12 0
12
11
13 0 1 2
14 0 1
10 0 1
13
13
14 2
15 1 0
10
3
16 0 1
6
17 0 1 2
0
6
3
6
13
14
12
14
11
0
18 1 0 2
3
11
6
4
10
11
18
4
19 1 0 2
8 1
2
20 0
21 0 1 2
22 2 0 1
23 0
15 2
5
21
23 1
10
17
0
16 2
24 1 2
9 2
10
0
15
9
2
25 0 1
18
22
19
10
24
6
0
2
14
21
18
7 0 1
4
5
10
26 2 1
13
22
19
13
9
20 2
22
3
25 2
23 2
11
12
2
9
18
13
27 1
18
28 2 1
4
9
11
4
6
29 2 0
9
15
20
30 1 2
4
24
14
18
31 1
21
14
32 1
15
23
20 1
23
8
22
14
17
3
2
4
27 2
3
33 0
3
23
22
18
13
14
34 2
27
13
3
17
24
7
6
7
20
17
2
21
12
14
1
11
28 0
20
32 0 2
18
6
15
35 1 0 2
15
21
11
36 0 2
15
12
37 0
13
34
38 2 1
17
1
24 0
39 0 1
20
40 0 1
38
17
41 1 0 2
38
3
41
39
22
32
-1
9
9 0 1 3 4 5
10 6 0 2 3 4 5
11 0 1 2 5 8
4
2
7
7
5
6
12 2 0 1 3 4 6 7 8
11 4 7
13 0 2 3 5 6 8
7
6
14 2 0 1 3 5 7 8
15 0 2 5 6 7
16 8 0 1 5
12 5
9 2 6
17 8 2 3 5 6 7
10 8
18 6 0 1 5
15 1 3 8
19 1 0 2 3 4 6 7 8
4
4
14 6
8
2
0
3
19
1
20 5 1 2 8
21 4 0 3 7 8
9 8
7
22 1 0 2 4 5 6 8
12
12
20 0 4
16 3 4 7
20
19 5
1
21 2 5
6
23 4 3 5 6 7 8
4
20 7
20 6
24 1 2 3 5 8
10
25 3 4 6 7
2
13 1
17 0 4
5
20
2
26 2 1 3 4 5 6 7 8
22 7
18 4 8
2
24 0 7
27 0 1 3 4 5 6 7 8
15 4
28 8 1 3
10
0
12
12
26 0
29 8 0 1 2 3 5
23 0 2
17 1
4
0
25 5 8
10
30 1 2 3 5 6 7 8
21
23 1
16
9 7
14 4
18 2
20
28 2 4 7
28 6
31 4 0 2 6 8
32 6 1 2 3 4 8
16
11 6
28 0 5
32 5 7
27 2
8
29 4 6 7
0
30 0 4
0
16 6
9
14
25 0 2
30
33 1 2 3 7
29
28
14
17
23
32
21 1 6
20
5
3
21
19
6
27
34 2 1 4
3
24 4
27
35 2 1 4 6 8
8
5
3
13 4
33 5
5
16
17
11 3
30
36 4 0 1 2 6
27
26
25 1
16
2
27
19
2
8
8
7
16
23
26
5
15
14
22
11
3
37 2 0 3 4 5 8
24 6
32
38 5 0 2 4 6
34 0 5 6
28
14
39 0 4
40 4 1 2 3 6
28
39 2 3 5 6 7 8
19
41 5 0 1 2 7
21
14
29
11
6
33 4 6
14
34
30
26
31 1 3 7
13
41 4 6
9
42 0 1 2 3 5 6
6
43 8 2 6
44 5 0 3 6 8
32
23
17
23
24
35 5 7
8
4
33 0 8
24
38 3 8
6
2
0
43 0 1 5 7
15
-1
9
2
2
2
2
2
2
5
5
4
7
2
5
3
4
9 2 1 3 4 5 8
10 6 1 3 4 5 8
6
4
6
3
2
4
2
11 2 3
3
5
6
8
7
9 7
10 0 2 7
8
8
1
4
10
6
4
12 1 0 3 4 5 8
13 4 0 1 2 5 6 7
10
14 1 0 6 8
6
11 5 6 7 8
11 1
6
13 3 8
10
1
15 1 2 7
16 6 0 1 3 4 7
0
17 8 0 2 3 4 6 7
9
2
8
11 0 4
6
6
2
5
16
18 2 1 3 8
5
19 1 0 6 7
4
5
15 6
11
17
1
3
10
2
18 0 5 7
13
6
13
15 0 5
19 3 4 5
5
8
16 2
2
12 2 6
3
18 4
6
9 6
20 1 0 2 4 6
20 3 5
8
0
1
17
18
21 4 0 1 2 3 6 7
22 8 0 1 2 3 5
1
1
23 5 0 1 2 3
6
23 4 7 8
5
7
22 4 6
2
24 7 1 4 6
20 8
5
10
25 2 1 5 6 7 8
10
10
22 7
21 5 8
19 2 8
15 3 8
20 7
1
19
8
0
23 6
8
21
1
1
0
4
13
19
19
23
8
3
7
14 2 3 4 5
26 3 0 1 4 7 8
18 6
16 5
4
20
26 2 6
21
4
27 7 0 1 2 4
28 5 0 1 2 3 4 8
8
3
27 3 6
1
29 2 1 3 7
2
30 1 2 3 7 8
31 2 1 4 5
27
32 8 0 1 3 4 5 7
22
17 1 5
14 7
15
12 7
0
33 1 0 2 3 4
13
17
26 5
34 7 0 3
20
20
1
29 6 8
12
18
15
27
25 0 4
10
25
19
8
35 4 3 5 6 7
5
36 5 0 4 7 8
30 0 5
14
7
13
7
10
28
37 4 1 3 6 7 8
9 0
24 0 5 8
38 0 2 3 8
1
37 0 2
35 1 2 8
10
6
1
39 8 0 7
23
29 0 5
33 5 7 8
40 1 0 7 8
7
15 4
24
5
18
-1
7
7 0 3 6
8 6 1 3 4
5
7 1 4
7 2
3
9 5 4 6
3
10 2 3 4 5 6
1
11 2 1 3 5 6
3
0
5
2
2
0
7
6
7 5
6
12 4 1 3 5 6
8 0 2 5
0
8
8
10
9 0 1 3
7
2
7
13 6 2 3
3
12 2
3
6
14 5 3 4 6
14 1
8
14 0
6
8
8
4
2
5
13 1 4 5
12
12
0
1
1
12
14 2
6
0
0
8
1
6
15 0 1 2 5 6
14
2
5
9 2
13 0
6
6
2
3
8
13
9
2
16 0 2 3 5
16 4
10 0
4
10
5
0
13
14
9
17 0 1 2 4 5
13
16 1
3
11 0
4
18 0 1 4 6
3
1
5
19 5 6
16
2
11
13
4
9
14
1
11 4
13
4
20 3 1 2
21 5 0 1 2 4 6
5
10
22 2 0 1 4 5 6
18 2 3 5
3
18
20 0
7
23 2 0 1 4 6
5
17
6
11
13
12
9
24 0 2 4 6
25 0 1 2 4 5 6
4
3
21 3
26 1 0 2 4 5 6
16 6
22 3
21
0
20 5
7
10 1
22
3
9
17 6
20
23
20 4 6
16
9
27 6 1 3 4
17 3
12
28 6 1 4 5
29 3 1
26 3
19 0 2 3
12 0
12
25
30 4 1 5 6
4
4
8
29 0 2 6
13
18
15 3
31 2 0 1 3 4 6
0
9
19 4
32 1 0 4 5 6
9
17
4
33 3 0 2 5 6
5
7
18
8
10
0
25 3
19
24 1 3 5
19 1
34 3 0 1 4
2
28 2
35 0 1 3
12
27 0 5
2
9
7
27 2
33 1
12
35 4 5 6
29 5
19
13
24
13
11
36 5 1 2
2
31 5
30
19
12
35
26
1
20
37 1 4 5
22
11
20
5
5
17
-1
4
3
0
0
3
3
0
4 2 0
2
5 2 0 3
5 1
5
6 3 0 2
0
3
3
1
4 1
0
5
2
0
1
7 1 3
4 3
0
5
7 2
0
4
4
8 1 0 2
9 0 1 2 3
9
1
7 0
8 3
2
10 1 2
11 2 0
0
7
0
3
3
10 3
11
2
6
1
6
9
12 0 1 2 3
10
10
13 1 2
0
14 2 1 3
4
10
11 3
3
3
2
2
6 1
9
3
12
8
15 0 2 3
6
12
16 3 1
3
0
8
8
15
8
15 1
8
0
13 0
2
10 0
2
13 3
2
8
10
2
8
6
5
17 2 1
18 3 1
17 0
11
12
17
0
8
7
17 3
12
17
6
19 3 0
17
15
16 2
20 0
1
18 2
17
20 1
10
13
12
21 2
5
12
17
10
11 1
1
11
17
12
2
4
22 0 2
1
23 3 0 1 2
7
24 0 1 2 3
4
11
13
0
20 2
25 2 0 1
26 2 1 3
23
23
20
12
10
7
8
27 3 1
5
3
24
26
17
25 3
9
28 3 0 2
9
29 0 3
7
30 2 3
20
9
23
31 3 2
15
7
32 0 1 2 3
23
16
22 1
10
9
21 3
16
33 3 0 2
22 3
29 1 2
25
11
21 1
18 0
18
6
6
1
19
30 0
22
34 3 0 1 2
1
7
20
8
35 3 1 2
12
8
9
19 1 2
6
6
36 1
36 0 2
0
4
21
27 0
20
27 2
37 2 1 3
38 2 1 3
-1
3
2
2
1
0
0
3 0
3 1
0
0
1
0
4 2 0 1
3 2
2
1
1
4
0
2
1
2
1
4
3
0
0
2
0
5 0 1
5
3
2
6 0
2
6
4
1
4
0
1
2
6
1
7 2
1
0
5 2
3
4
2
0
0
8 2 0 1
3
9 1
4
9 2
2
10 1 0
8
11 0
0
8
10
6
1
12 2 1
0
11 2
12 0
0
0
12
3
5
11
2
11 1
2
9 0
1
2
8
13 2
10 2
7
0
5
6
4
14 0 2
9
11
10
5
0
4
14 1
4
15 0 1
15 2
2
4
15
2
16 1
14
17 2
7 0
13 0 1
3
18 2 0
9
1
4
1
7
5
4
9
7
16 2
8
17 0 1
19 1 2
14
20 2 0
4
20
2
21 2 1
21 0
22 2
23 0 1
24 0
5
16 0
3
25 0 1
26 0 1 2
27 0
23
12
0
11
28 1 0
11
15
15
29 0
4
9
19
1
18 1
30 0 1 2
31 0 2
4
19
8
25 2
31 1
32 0 1
11
15
21
13
29 1
9
15
19
13
14
30
18
5
15
33 2 0 1
28
9
12
32 2
20 1
34 0
35 2
12
23
30
6 2
36 1 2
8
26
37 0 1 2
1
26
16
8
24 1 2
38 1
22 1
31
18
21
4
-1
6
3
6 4 0 2 3 5
1
3
1
5
3
1
2
0
7 4 0 2 3
1
7 5
8 4 1 2
7
0
6 1
9 2 4
10 2 3 4 5
2
8 0 3 5
4
7 1
5
5
2
2
2
6
0
11 0 1 2 3 5
2
2
9 1 3 5
12 1
11
13 4 2 3
1
3
13
7
6
4
12 0 2 3 5
5
10 0 1
12 4
1
6
6
2
14 3 1 4
15 1 0 5
13 0 5
16 0 1 2 5
7
17 1 0 2 3
11
18 1 0 2 3 5
19 1 2
15 2 3 4
20 0 1 2 3 5
21 3 0 4 5
7
2
14 0 2
22 2 0 1 3 5
8
17 5
23 4 1 2 3
18 4
21 1
21 2
24 0 1 2 4 5
8
22 4
10
4
11 4
23 0
25 5 0 1 2 4
11
7
26 2 0
5
13 1
19
7
25
15
23
27 5 1 2 3
23
27 0 4
25 3
7
7
9
16
13
7
5
16 4
28 1 0 4
14 5
3
12
8
2
21
15
20 4
12
29 5 4
2
29 2 3
29
18
1
13
20
2
20
1
7
0
14
30 3 0 1 2 4
15
1
1
24
31 1 3 4 5
26 5
32 5 0 4
7
33 2 0
11
34 2 0 3 4 5
15
19 4
10
23 5
6
1
4
14
30 5
19 3 5
9 0
33 3 4 5
30
1
29 1
24 3
16 3
35 1 0 4
36 0 1 5
23
30
21
1
32 2
37 3 0 1 4
38 3 0 1 2
1
39 4
37 2
40 3 1 4 5
26 3
41 4 1 2
30
28 2 5
29 0
7
29
33 1
15
21
37 5
42 5 0 1 3
43 5 0 2 4
41 0
44 2 5
0
29
35 3 5
3
21
31 0
17
16
45 3 0 1 4
36
22
44 0 4
46 4 2 3
47 3 0 2 4
36 3 4
40
12
48 3 0 2 4
34
34 1
33
10
49 2 0
30
30
18
42
37
4
41 3 5
50 1 2 5
31 2
5
51 4 3 5
41
52 0 2 5
42 2 4
37
53 2 1 5
54 3 1 5
45
31
36 2
10
33
17
3
8
28
51 0 1 2
1
26 1 4
25
55 4 0 2 5
56 1 2 3
4
19
30
57 1 0 2 4 5
32 1 3
18
58 0 1 3 5
59 4 2
56 0 4
12
60 2 1 4 5
54 2 4
52 3
61 2
62 0 2
53 0 3 4
1
3
12
50 4
2
8
63 4 0 1 2 3 5
1
50 0 3
14
64 4 0 2 5
16
48 1
65 5 1
51
51
18
11
66 0
58
52
45
54 0
16
67 0 1 3
33
18
9
68 5 1 4
53
48 5
69 1 3 5
54
45 5
54
56
35
6
11
69 0 2 4
1
25
12
15
13
30
25
51
57 3
37
70 2 0 5
3
4
58 2 4
10
18
40 2
28 3
68 0 3
71 1 0 2 3 4 5
72 3 0 2 4 5
25
25
55
62 1
29
4
73 1 2 3 5
65 0 3 4
40
65
36
13
74 0 1 3 4
75 2 1 3 5
9
5
72
76 5 0 4
75 4
77 4
14
8
78 5 0 3
70
19
76 1 3
24
19 0
51
10
30
11
29
24
79 4 0 3 5
8
80 3 0 2 4
81 3 4
82 0 5
34
52
30
49 1 3 4 5
1
-1
4
0
2
4 0 2 3
4
1
3
1
0
3
2
5 1 0 3
6 0 1 2 3
1
4 1
1
5
2
7 3 0 1
0
4
4
4
2
8 3 1
8 0 2
0
9 0 1 2 3
7 2
5 2
3
10 0 2 3
11 2 1
5
10 1
9
4
2
5
11 0 3
12 0 1 2 3
4
2
13 2 0 3
11
10
11
14 3 1
7
7
15 3 1 2
16 0 3
10
5
5
4
10
5
1
17 2 0
18 1 2
8
14 0 2
17 1
7
8
4
9
16 1 2
9
14
12
19 1 0 2
20 2 1 3
21 0 2
22 2 0 1
0
9
11
7
23 2 0 3
19 3
10
24 1 3
25 2 0
26 1 2
20 0
1
5
25
2
15 0
24 0
27 3 0 1 2
27
5
13 1
28 0 3
16
11
29 1 2 3
6
26 0 3
30 0 3
7
6
31 2 3
22 3
32 1
33 0 1 3
34 0 1
28 1
27
8
35 0 1 2
10
36 1
23
19
5
13
8
2
1
23
37 0 2 3
11
8
23 1
33 2
10
38 3 1 2
28
34 2
39 2 0
4
12
10
2
39 1
14
35 3
24 2
1
11
10
40 2 0 3
30 1 2
41 1 0 2
28
9
36
36 0 2
42 1 2 3
9
36
16
21 3
5
43 1 2
44 0 1 2 3
23
45 1 2
36
46 2 0 1 3
18 0
20
47 2 0 1 3
9
8
36 3
26
39 3
33
41
48 1 3
9
12
49 0 1 2
20
44
40
50 1 2
51 0 2 3
38 0
7
52 2 1
53 1 3
45 3
29
43 0 3
20
44
54 1 0 2 3
51 1
55 1 2
17 3
12
44
38
44
19
3
3
28 2
34
31 1
17
11
18
53
56 2 0 3
24
57 1 0
8
58 3 0 2
14
-1
5
1
3
0
3
4
2
5 1 2 3 4
3
3
0
0
2
6 3 0 2
5
3
5 0
1
4
7 3 0 1 2 4
3
4
1
8 0 4
2
7
9 3 0 1 4
2
9 2
0
10 2 3 4
10 0 1
11 3
7
2
4
7
11
3
3
12 4 0 1 3
4
10
12
13 3 0 1 2
8
5
6
7
14 2 3
0
15 4
9
0
2
5
15 0 1 3
16 4 0 1 2
3
7
1
15
12
7
17 0 3
5
15
11 0 1
8
7
13
7
18 1 0 4
3
13
15
19 4 2
19 1
14 0
17 2
16
7
18 2
8 1 2
9
6
1
10
20 4 0
13
9
21 3 2
22 1 0 4
5
15 2
0
10
0
5
9
5
13 4
14 1
10
1
0
10
16 3
7
23 3 0 1
15
3
23 2
10
3
12 2
17
24 4 0 1
3
6 4
8
5
19
23 4
12
19 0
14
25 0 1 2 3
19 3
18
0
24 2
26 2 1 3
0
1
8
27 1 0 3 4
2
4
6 1
6
16
22 3
27 2
28 4 0 2 3
16
29 0 1 3 4
24
22
1
12
30 1 0 2 3 4
31 0 1 3 4
7
13
18 3
19
25 4
20 2 3
2
12
17
17
25
11 2 4
26
4
7
19
1
11
9
19
7
28
5
9
7
29 2
22 2
10
24
19
10
8
22
24 3
9
27
29
26 0
12
3
31
24
32 3 1 2
33 3 0 1 2
1
14
34 1 0 2
13
35 3 1 4
25
1
16
1
32 4
1
33
25
33 4
15
7
32 0
35 0 2
21 0 4
13
15
17 1
12
23
26 4
11
11
16
-1
8
0
0
7
0
5
5
0
8 1 2 3 5 6 7
4
2
9 2 0 1 4 6
10 0 1 2 3 4 5
5
4
11 0 2 4 5 7
1
2
0
9 3
7
11
3
6
12 2 1 6 7
10
13 1 0 2 3 5 7
10 6
7
2
9 7
7
13 4
14 0 1
15 5 0 1 3 7
16 5 3 4
11 1
17 1 2 4 5 7
0
12 3
3
17
13
18 0 5 6
19 5 1 3 4 6 7
12 4 5
20 3 2 7
8
7
17
13
12
21 6 2 5
18 1 2 3
8 4
22 7 2 3 5 6
23 6 0 4
19 2
19
2
24 2
0
25 3 0 1 2
24 0 1 4 6 7
5
7
24 3
16 1 7
14 5
13 6
26 7 0
22 0 4
1
3
20 1 5 6
17
17 0 3
24 5
27 0 1 3
13
6
22 1
28 5 2 4 7
18 4
11 3 6
17 6
28 0
0
5
11
21 3 4
23 1 2 5 7
18 7
14 7
29 1 0 4 6 7
30 1 0 2 7
31 7 4
9
20 0 4
24
13
32 0 2 6
33 7 3 4 5
21 0
7
34 2 0 1 3 4 5 6 7
34
27 2 4 5
25 5 6 7
35 2 0 4 5
25
28 6
8
23 3
0
32 1 7
31 1 3 5
18
36 3 1 4 5
31 0 2
14 4 6
19 0
13
8 0
37 7 0 2 3 4
38 1 0 2 4 6 7
31
19
2
24
5
21
14 2
12
10
3
39 2 0 1 4
12
40 5 0 1 2
40
23
7
41 2 4 5 6
8
7
20
21 1 7
1
38 5
3
40 6
19
29 5
30 3 4 5
24
39 6
0
42 5 0 2 4 7
12
3
43 2 1 4 5 7
29 2 3
24
1
32 3
27 7
44 4 1 2 3
31
15 6
12
17
26 3 4
40 3 4 7
5
15 2 4
16 6
45 1 3 4
20
26 1 5
46 2 3 4 6 7
30
4
41 0 1
2
47 2 0 1 4
24
9
40
24
41 3 7
24
46 0 1 5
37 5
31 6
26 2
25
4
19
31
48 6 1
25 4
17
49 5 2 6
43 3 6
5
23
50 2 0 1 4 6 7
46
9 5
15
51 3 0 5 6 7
40
20
24
-1
9
7
9 5 1 2 3 4 7
2
4
4
7
0
6
2
0
3
8
10 8 3 4 6 7
0
4
4
1
1
11 5 3
12 3 2 8
0
12 1
6
12 6 7
6
11 0 6
1
13 4 1 2 5 8
7
7
12 4
14 6 2 5 8
0
15 2 1 3 6 7
8
15 5 8
7
0
16 6 0 5
3
0
1
13 3 6 7
17 2 1
4
11 4 8
1
7
6
10 0
5
8
12
6
9 0 8
8
9 6
3
7
15 0 4
8
6
6
7
12 0 5
0
10 1 2
4
18 1 3
13
19 1 0
14 1 4 7
20 6 0 1 2 3 4 5 8
1
13 0
17 0 3 5
13
21 0 2 3 6 7 8
1
7
22 4 0 2 6
0
3
20 7
12
7
23 5 0 1
13
2
13
17 4
2
6
24 7 0 1
25 5 1 3 7 8
26 4 0 1 5 8
5
17 6
19 2 3 4 6 8
10
26 2 3 6 7
7
3
20
23 7 8
26
4
11 2
19 5
10
27 7 0 3 8
24 3 5 6 8
28 5 0 1 2 3 6 7
24 2 4
3
14 0
28 4 8
29 1 0 4 6
25 4
4
7
25 2 6
16 1
2
6
17
4
30 6 1 2 3 8
31 6 0 2 3 5 7
8
19 7
23 2 3
22 8
20
0
31 1 8
17 7
1
32 8 0 1 2 3 4 7
33 1 3 8
11 7
13
22 1 3
31 4
4
34 2 1 3 4 5 6 8
3
11 1
13
18 2 5 6 7 8
32 5 6
29 2 3 5 7 8
20
5
27 2 6
17 8
35 6 2 3 5 7
15
16 2 4 8
28
8
36 8 0 1 2 3 5 6 7
37 0 1
9
19
35 1 4
38 1 0 3 4 5 7
13
10
25 0
33 4 6 7
0
23 6
19
12
31
38 6 8
11
39 5 3 4 6 7 8
37 2 3 4 5 7 8
26
6
3
23
11
2
0
27 4 5
14
20
27 1
39 0 1 2
40 2 0 7
32
41 3 4 7
33 0 2 5
38 2
1
41 1 2 5 8
42 8 0 1 2 3 5 6
43 0 2 4 6 8
18
26
10 5
36
18
21 1 4
1
33
4
18 0
30 0
6
-1
3
2
0
1
1
0
3 2
3
2
1
4 0 2
3
2
2
4 1
5 2 0
2
5
5 1
3 0 1
6 0
3
1
1
0
2
6
6 1 2
2
6
1
6
0
7 0 2
8 1
8 0
0
9 0 1
0
10 2 1
9 2
9
2
2
8
10 0
1
11 1 0 2
3
4
12 0 1
13 0 1
11
2
1
5
6
14 0 1
14 2
13
15 1 2
14
3
16 1 2
16
16
3
12 2
3
0
15
11
10
12
1
14
14
17 2
17
14
11
5
10
3
8
18 0
5
13 2
13
4
12
0
10
18 2
3
9
5
18
5
6
10
12
16
19 1
3
6
20 0 1
21 0
6
10
15
11
12
5
20
9
4
8
17 1
22 2 0
2
7
23 1
7
15
24 2 1
17
22 1
7
23 2
11
21 2
10
4
8
25 2 0 1
15
8
7
24 0
26 1
13
23 0
27 2 0 1
28 1
29 2
18
30 2 0 1
10
7 1
19 0 2
0
28 0 2
22
18
0
31 0
20 2
3
11
9
8 2
0
12
32 0
1
21
4
33 1 0 2
4
9
22
11
32 1
2
18 1
24
24
20
34 0 2
19
35 1 2
14
25
17
18
36 1 0 2
36
3
0
37 1 2
18
18
38 0 1
39 1 0 2
40 2
29 0 1
41 0 1
33
9
13
38
23
29
37
42 2
-1
6
0
4
0
1
6 1 2 3 4
2
7 0 3 4
7 1 2
1
7
3
7 5
5
8 4 1 3 5
0
5
9 2 0 3 5
8
7
0
10 3 5
11 1 2 5
3
12 1 0 2 3 5
1
1
10 1 2 4
4
13 1 0 2 4
6 5
10 0
10
8 0
9 1
4
1
5
14 4 0 1 3 5
9
0
4
9 4
15 1
11 0 4
3
14 2
2
9
16 5 3
5
17 2 0 1 3
1
0
7
18 2 1
17 5
9
13 3 5
10
19 2 0
17
9
0
12 4
10
0
7
18 0 3 4
0
0
0
11 3
20 5 1 4
14
9
21 2 1 3 5
0
14
1
20 0 2
12
5
8 2
3
18
13
1
7
19 1 4 5
20
22 1 0 2
22 4
3
19 3
23 0 1 2 3 4
18 5
10
14
24 0 3
3
11
1
5
25 5 1 2 3
9
10
13
15 4
9
14
11
4
0
18
11
0
9
20
10
25 4
9
11
0
14
6
0
19
17
13
20
15 0 3
3
17 4
5
26 2 1 3 5
27 1 3 4
15
19
12
6
21 4
21 0
13
27 0
15 2 5
6 0
15
20
21
9
16 4
28 0 4 5
6
14
19
6
21
21
26 0 4
29 4 0 1
30 3 0 1 5
20
11
31 2
19
9
32 1 0 4
7
26
33 4 2
33 0 5
4
34 4 2
15
35 1 2 4
10
26
25
32
21
36 5 1 2 3 4
37 4 2 3 5
12
23
1
30 4
10
38 5 0
39 3 0 2 4 5
40 2 3 4 5
19
14
18
41 2 0 1
39
17
32 2
0
9
37 0
42 4 2 3 5
43 0 2 3 4
44 0 1 2 4 5
9
15
-1
4
0
2
1
2
3
3
3
0
4 0 3
5 3 1
1
1
4 2
6 1 0 3
6 2
6
4 1
3
3
7 1 2 3
3
8 3 2
9 1 0
2
0
3
7
0
0
9
3
9 2
9 3
5 0 2
10 0 2 3
3
4
5
7 0
10 1
0
11 2 1
3
6
4
2
12 2 3
1
3
11 0 3
10
1
6
13 0 1
11
10
13 3
14 1 3
5
15 1 0
5
16 0 3
13
10
2
3
9
14 0
7
5
5
17 1 0 3
15
11
3
4
8 0
0
18 3 0 2
9
19 1 0 2 3
20 3 0 2
21 0 3
22 3 1 2
23 1 2
15 3
20 1
8 1
18
12
24 2 0 1 3
20
4
16 1
25 2
25 1 3
0
21 1
14 2
9
25
2
26 3 0 1 2
4
27 1 2
28 3 0
26
8
14
19
24
12 0
10
26
29 1 0 3
12 1
26
10
25 0
7
3
25
3
30 0 1 3
31 2 3
15
32 2 0 1 3
20
20
17 2
6
0
8
19
33 2 1
24
31 0 1
24
0
12
34 0 3
24
35 3 1
13 2
3
5
31
15
36 3 1
34 2
17
30
36 0
9
37 1 2 3
38 0 2
9
38 1
32
15 2
30
10
9
32
21
10
12
0
22
11
22
39 2 0 1 3
5
20
6
3
24
11
4
40 0 1
12
21 2
21
41 2 1 3
4
9
5
42 0 1
6
43 0 1 2 3
28
30
41
29 2
4
38 3
27 0 3
34 1
23 0
14
11
25
32
13
27
24
43
41
44 1 0 2
6
36
18
26
13
37 0
4
30 2
21
45 1 2 3
17
46 2
47 1 0 2
43
27
10
38
48 2 1
6
36 2
42 2
49 2 0 1 3
49
19
45
29
17
27
26
39
3
-1
4
1
3
2
2
3
2
1
0
0
0
2
3
1
2
0
1
2
0
0
1
3
4 2 0 1
2
5 1 0 3
3
6 2 0 1
5
2
7 0 1 2
6
7
2
3
8 2 1
5 2
1
0
8
8
9 1
3
8 3
9 0 2 3
3
9
8 0
0
6 3
10 1 3
7
3
10
10
2
4
11 1 0 2
12 0 1 3
4
12
1
13 2 0 1
0
9
12
7 3
2
14 3
4
12
13
15 0 3
15 1 2
10 0
14 0 1 2
5
13 3
4 3
7
1
4
16 1 0 3
3
17 3 2
18 2 0 1
18
6
1
7
10
2
6
8
5
19 3
3
5
0
0
15
8
9
10 2
19 0
9
20 2
4
21 3 0 2
15
21
12
8
16
4
3
20 1 3
20
13
0
9
4
7
13
8
7
19 2
22 1 2
22 0 3
8
23 1 2 3
24 3 0 2
21
15
24
25 3 1 2
26 0
27 1 0 2 3
0
4
19 1
14
28 1 0 2 3
10
8
3
4
29 3
30 1 3
31 0 3
4
27
32 2 0 1 3
32
19
33 3 1 2
2
34 2 0 1
9
30
27
31
29 0 2
35 0 2 3
36 3 1 2
11 3
36
25
13
6
15
37 0 1
25
4
24
35
1
11
0
3
33 0
35 1
11
4
20
33
19
32
36 0
38 0 2 3
4
39 3 0 1
21 1
1
8
36
37 2
21
12 2
28
40 2 0 1 3
12
32
34 3
0
28
41 3 1
33
17 0
16
32
42 3 1
15
3
43 3 1 2
24 1
5
43 0
44 1 0
45 0 2 3
34
15
0
37
-1
4
2
2
3
4 3 0 1 2
3
2
1
2
0
4
1
3
2
2
0
5 2 0 1
3
6 2 1 3
4
2
0
4
7 3 0 1
7 2
5 3
5
4
3
4
3
5
6
0
3
2
8 3
9 0 1 2
9
10 0 1 2 3
0
3
4
11 1 0 2 3
11
2
10
9 3
9
12 2 0 3
9
1
6
10
5
11
4
12
1
3
3
10
13 1
2
5
12
6 0
8 1 2
14 1 2 3
12 1
3
3
2
5
2
8
8
10
15 2 0 1
8
2
14
16 1 3
12
13
3
8
11
5
0
3
1
1
6
9
16
5
14
6
17 1 2 3
14 0
12
15 3
14
4
18 1 0 2
1
18 3
14
19 3 0
10
6
12
20 0 3
15
21 1 3
16 0 2
22 2
21 2
10
3
1
18
15
9
19 1
12
8
4
23 2
18
17 0
6
22 0
1
6
14
19
14
5
17
2
24 3 1
12
22 1 3
22
25 3 2
26 1
1
1
27 2 0
6
0
10
1
17
3
10
28 1 0 3
26 0
23
29 2 1 3
16
16
0
29
30 2
25 0 1
10
16
8 0
27 1
17
28
9
6
24 0 2
1
8
29
10
13 0 2 3
6
31 3 1 2
32 0 2
33 3 0 1 2
20 1
12
31 0
26 3
4
27
8
22
9
24
25
1
2
34 0 2 3
32 1
16
35 3 0 1
3
36 1 2 3
-1
3
0
3 0 2
2
1
3
1
0
2
4 2 0
2
1
2
1
5 2 0 1
6 0 1 2
7 2
5
5
4
1
8 2 1
3 1
7
2
7 1
7 0
8
9 1 0
7
10 0
1
2
10
11 2 0 1
3
12 1
10
13 0 1 2
8
3
0
3
1
7
14 0 2
0
8
6
15 0
13
10 1
0
13
1
6
16 0 1
6
13
1
11
7
15 1 2
5
5
5
15
6
9 2
6
7
17 1 0 2
18 1 0
16 2
2
6
11
19 0 1
20 1 0 2
21 0 1
2
17
7
17
15
20
13
19 2
6
22 1 0
15
23 0
23 2
23 1
24 1 0
25 1 2
23
9
26 2
11
10 2
3
17
16
9
11
18
18 2
21 2
1
27 2
1
14
28 2 1
4 1
15
1
27 0 1
5
17
29 2 1
7
21
2
7
21
22
26 0 1
30 0 1 2
28
31 2 0 1
23
12
31
32 2 1
6
24 2
23
18
15
29 0
19
30
28 0
19
5
33 2
34 1
35 0 2
28
5
36 2 1
14
34 0 2
24
37 0 1 2
38 1 2
17
26
16
14 1
14
36
19
10
39 0 2
24
40 2 1
37
24
20
10
22 2
25 0
41 0
7
20
20
33 0
0
19
7
5
12 0
11
17
23
11
5
3
15
25
37
7
42 1 0 2
16
14
43 0 1
44 0 1
39
30
26
36 0
22
20
13
45 2 0
41 1
28
21
46 1
29
47 2 0 1
16
46 0 2
25
23
48 0 1
-1
5
5 2 0 1 3
4
2
1
5 4
2
3
2
4
4
0
2
6 1 0 2 3 4
7 3
1
7
2
8 4 0 3
9 2 0 1 3
5
3
6
9
3
5
9
2
7 1
5
3
5
5
10 0 1 3 4
11 1 2 4
3
8 1
1
1
1
12 4 1 2 3
3
5
9
6
13 1 0 2 3
14 0 2 4
12
10 2
2
6
12 0
3
3
7 0 2 4
2
11
15 2 0
4
2
0
4
10
2
12
8 2
8
5
11
1
2
12
10
14
8
15
3
4
12
3
15 1 4
7
13 4
10
12
13
4
11 3
9 4
7
8
16 3 0 4
5
4
14
17 2 1
18 1 0 2 4
8
13
11
8
10
7
19 1 0 2 3 4
1
2
18 3
20 4 1 2
8
21 4 1 3
10
13
12
11 0
22 3 0 1 2 4
23 1 2 4
18
24 0 2
25 2 0 1 3 4
16 1
19
18
25
26 2 3 4
26
16 2
27 3 1 2 4
20 3
8
23 3
16
11
28 4 0 2
13
23 0
25
2
8
6
13
12
12
14 1 3
29 3 1 4
3
30 2 1 4
19
0
17 3 4
13
6
10
28 1
19
6
12
5
31 2 3 4
32 0 1 2 3 4
3
18
26
16
21 0
6
33 4 1
34 1 2 4
35 4 0 2
7
1
36 3 0 1
23
37 0 2 3 4
1
26
5
37 1
27
29 0 2
27 0
9
4
28
11
4
17
0
3
27
4
28 3
38 4
10
18
13
6
6
39 2 0 1 3 4
29
4
40 1 0 3
12
1
0
39
16
40 2
-1
9
8
9 4 0 2 6
5
9 1 8
10 6 0 1 7 8
9 3 5
5
11 1 4 5
5
7
7
12 8 1 2 3 7
5
2
12 0 4 5
11 0 3 7 8
13 3 0 2 5 6
10 2 3 4
10 5
8
14 2 8
7
15 1 0 5 6 8
16 8 1 2 4 6 7
10
5
16 0 5
2
8
2
1
13 1 4
14 0 3
2
3
10
15 4 7
16
16 3
15 2
1
12
8
8
9 7
17 0 1 2 3 4 5 8
12 6
6
7
5
18 5 0 3 4 7
19 8 1 2 3 4 5 6
2
17 6
11 2 6
11
1
0
20 3 4
21 3 0 1 6 8
22 8 0 1 6
23 0 2 3 4 6 7
14 4 5
1
2
0
22 7
0
13 8
13
24 0 5 6
11
9
21 2 5
9
9
25 2 0 1 5 6 8
4
18 1 2 8
13
26 7 3 4 6
9
23 1 5
6
19 7
27 3 1 2 8
14 1 7
17
23
14
25
28 3 2 4
11
4
10
24 1 3 7
4
11
22 4 5
18 6
26 5 8
23 8
29 2 0 1 5 6 7 8
11
16
24 4 8
25 4
24 2
30 1 4 5 6
31 1 0 4 6 8
8
12
32 8 6 7
19 0
14
14
16
1
15
33 4 0 1 2 3 5 7
18
2
27 0 4
1
7
34 8 0 1 2 4 6 7
6
20 1 2 6 7
19
11
34 3 5
27 5 7
8
19
35 5 0 2 3 4 7
17
4
36 7 1 2 3 6
3
37 4 3 6 7 8
38 7 2 4 5 6 8
0
9
31
15 3
39 1 4 6
33 8
12
21 4
4
33 6
40 5 0 2 6 7 8
35 1 6 8
12
41 7 0 2 4 5 6
42 6 2 4 5 7
42 0 1
43 3 0 1 2 5 6 8
17 7
32 3 4 5
19
40 1 3 4
24
6
20 5
25 3
36 4 5 8
7
28 1 7 8
37 1 5
44 6 0 2 4
18
45 3 1 2 6 7
43 4
14 6
45 8
35
34
46 2 1 3 4 5
47 8 0 5 6 7
29
48 4 0 1 2 3 5 6 7
33
49 6 0 5 8
50 0 1 4 7 8
49 2 3 4 7
46 8
28 0 6
51 3 1 2 4 5 7 8
6
45 5
25 7
7
2
42
47 2 3 4
7
52 8 0 1 2 3 4 5 6
53 4 0 1 2 3 6
13 7
5
2
54 5 0 1 2 6
0
40
55 8 2 4 5 6 7
28
56 7 1 2
57 7 0 8
12
10
8
43 7
58 4 2 5 6 7 8
25
59 4 0 1 2 6 7
25
60 4 0 8
29
61 1 5 6 8
14
27 6
30 3 7 8
50 3
33
51
37
14
7
58 1 3
31 3 7
34
54 3 4 8
62 6 0 1
28 5
25
57 1
61 0 2 4 7
-1
4
1
3
3
1
3
2
4 0 1 2 3
3
4
3
1
5 3 1
3
0
2
1
6 3 1
6 0
1
7 2
0
8 2 0 1
3
6
6 2
4
8
2
7 3
2
2
3
4
6
7
1
4
6
2
3
2
5 2
3
1
4
2
0
8
8 3
9 2 0 3
10 2 0 1 3
5 0
11 0 3
2
7 1
7 0
2
9
10
6
1
12 0 2
13 2 0 1 3
14 3 1
14 0
7
0
4
6
2
1
12 1
1
2
4
3
3
8
7
14
14 2
0
9
13
6
15 1 0
11
16 1
1
15
16 2
17 0 1 2 3
11 1
6
8
7
6
4
18 1 3
7
15 3
19 0 1 2 3
20 2 0 1
4
21 0 1 3
1
10
16 0
22 2 0
18 2
22 1
23 1 2 3
24 2 0 1 3
7
22 3
15
0
7
25 1 0 3
20
10
20
26 2 0 3
20 3
26
15 2
27 2 0 1 3
16
5
28 1 0 2
14
24
4
26
12 3
29 2 0 1
8
13
30 2 1
31 0 1
25
32 0 2
13
33 2 0
6
23 0
33 3
15
2
18 0
24
18
10
34 1 3
35 1 2
28
16 3
22
21
28
6
35 0 3
15
5
23
36 2 0 1
36
37 0 2 3
16
32 3
13
20
5
38 1 3
37
28 3
39 2 0 1
24
10
31 2
13
40 0 2
1
1
35
34
12
9
5
11 2
6
41 3 1
19
1
7
32 1
2
20
36
7
12
37
40
-1
5
3
2
2
1
5 4 0 1 2
0
6 1 2 4
6
0
6 3
0
0
5
2
7 1 0 3
5
6
6 0
1
8 1
4
8 0
7 4
3
9 2
2
10 0 3 4
10 2
11 3 1 2
5 3
12 0
11 0
3
7
13 2 0 3
14 0 2 4
7
15 3 2
0
16 3 0 1
11 4
2
17 1 0
16
15 0 1 4
3
4
13 1
7 2
8 2 3
1
5
0
7
18 2 1 3 4
2
5
15
19 3
18
16
15
19 0 1 2
9
20 3 2 4
19
3
6
2
21 2 1
8
22 3 1 4
11
6
23 3 2 4
24 4 2
0
21 0 4
18 0
10 1
15
11
25 1 0 3
20 0 1
13
9 4
15
14
0
11
26 1 0 3 4
13 4
16 2
2
0
14
15
14 1
18
27 1
16
3
15
28 4 0 2
29 2 0 1 3 4
28 1 3
1
18
19 4
18
26 2
10
7
4
0
8 4
4
30 2 0 3 4
22
17 2 4
17
2
30 1
20
24 0
1
31 2 0 1 4
30
28
13
32 0 1 2 3
15
16 4
33 1 0 2
3
22
4
6
3
25 2 4
7
14 3
1
24
10
34 1 0 4
35 0 3 4
36 1 0
21
15
0
26
26
11
1
21
18
31 3
6
13
37 3 1
38 4 0 1
39 2 0 3
16
24 3
32 4
40 0
41 4 2 3
18
31
42 0 2
30
7
43 1 0 2 3
44 1 2 3 4
0
43
21 3
20
25
45 2 3 4
37 0 2
30
37 4
5
7
4
19
43
43 4
12 4
9 3
35 1
42 1 3
46 2 0 1 3 4
6
32
21
18
47 3 1
37
45
6
23 1
39 4
48 3 0 4
0
32
49 4 0 1
45 0 1
12 1 2 3
50 0 4
7
46
10
4
-1
6
1
5
2
5
3
6 2 1 3 5
3
3
7 4 0 1 3 5
4
8 3 0 2 4 5
4
0
0
3
3
3
4
1
3
9 1 0 4 5
6
4
5
7
0
8
8 1
7 2
3
7
0
9
5
10 3 2 5
3
11 1 0 2 3 5
7
2
0
11 4
6 0
3
2
12 3 1 2 5
4
10 1 4
3
0
1
13 2 0 1 3 4
12 0 4
10
14 4 1 2
8
12
9 3
7
13
15 2 1 3 4 5
8
9
9 2
16 2 1 3 4
7
12
7
3
11
0
17 3
6
3
14 0 3 5
18 3 4
19 4 0
4
11
11
20 0 2
21 1 2 3 5
10
22 3 1 2 4
12
1
7
23 4 3
24 2 0 1 3
14
19 1 2 5
24 4
11
15 0
1
9
21
24
7
23 0 2
3
9
15
25 1 5
13 5
18 1
19 3
16 0 5
15
6 4
21 4
26 0 4
4
27 1 0 2 3
27 4
14
22 0 5
10
2
7
16
3
28 0 1 4
13
22
1
9
0
10
6
4
17 1
10
9
26 3 5
21
14
18 2
8
13
29 1 0 5
10
16
30 1 0 2 4
15
30
26 1
5
31 3 0 1 2 4
29 2
32 0 1 2 3
9
3
18 0 5
9
11
0
3
33 5 0 1 4
11
32 4
27
21 0
34 3 0 1 2 4 5
35 1 2 3 5
36 0 3
23 1
37 5 0 2
38 4 0 2
16
36 2
39 1 5
29
9
40 0 3
35
1
25 2 3 4
26
8
0
11
8
3
8
18
26 2
3
17 2 4
39 4
24
41 5 0 3 4
13
23
17
9
9
23
35 0 4
35
23
42 1 0 2 4
34
0
11
32
34
40 2 5
37 4
41 1 2
32 5
41
43 1 2 4
22
39
39 0 2
16
-1
3
1
3 0 2
0
4 2
0
1
0
2
1
0
1
2
2
5 0 1
3
0
6 1 0 2
6
7 2 0 1
0
8 2 1
6
4
3 1
5 2
0
4 0
9 2 0
8 0
2
10 0 1 2
7
1
-1
5
2
3
4
3
4
4
0
4
0
4
3
3
3
1
0
1
1
2
5 3 1 2 4
3
2
0
5 0
4
2
0
2
5
6 3 0 1 2 4
4
6
6
7 4 0
0
5
7 2
3
2
7 1 3
7
1
7
4
8 1 0 2 3 4
5
9 1 0
6
5
1
6
2
10 3 0 1 4
7
11 4 0 1 3
4
10 2
-1
9
4
3
9 1 0 3 4 6 8
10 1 2 6 7 8
3
7
6
1
7
11 3 0 1 2 4 5 8
3
11 7
3
10 3 4 5
7
2
12 8 0 2 3 4 6
4
6
3
4
4
6
6
9 2 5
13 5 0 7
10
12 5 7
7
12
7
13 1 2 4 8
13 3
10 0
1
0
11 6
11
14 2 0 1 3 4 6 8
13
15 4 0 1 2 5 7
3
14
16 2 0 1 4 5 7 8
12 1
3
4
12
11
5
10
-1
7
7 0 1 4 5
4
6
8 3 1 4 6
5
0
2
6
0
0
1
3
4
9 2 1 3 4 6
5
10 2 3 6
8 5
2
3
7 2
11 3 1 2 4 5 6
4
3
10 1 5
10 0 4
11
12 5 0 3 4
4
6
12 1 2
12 6
6
7 3 6
11 0
1
13 3 2
14 1 2 4
15 0 1 3 4
5
9
16 6 1 2 3 4 5
17 0 1 2 4
18 2 1 3 4
0
8 0 2
2
12
9 0
19 5 1 6
2
15 2 5 6
4
6
6
20 6 1 4 5
9 5
10
19
11
21 3 2 4
-1
8
4
2
1
5
2
8 0 2 5 6
0
1
6
0
9 5 2 3 4 6 7
4
10 6 0 1 3 5 7
11 6 0 1 2 3 4 7
5
1
0
7
7
7
1
4
2
8 1 3 4
5
12 7 1 3 5 6
13 2 1 3 4 5 7
14 4 0 3 6
5
0
3
15 0 2 3 4
16 4 0 1 3 5
17 2 0 4 5 7
18 7 6
5
5
19 0 2 5
3
20 0 2 3 5 6
21 1 2 3 5 6
5
3
2
-1
9
9 7 1 2 8
2
10 5 3 7 8
11 3 0 1 5 6 7 8
12 0 3 5
13 1 0 2 6 7 8
7
6
7
6
6
5
14 3 0 1 4 5 7
1
15 8 2 3 7
5
16 2 3 6 7
0
8
17 6 1 2 3 4 7 8
11 2 4
9 0 4 6
18 1 2 3 7
12 4 6
1
19 1 0 2 3 4 6 8
20 6 0 1 3 8
13 3 5
21 0 2 4 7 8
22 5 1 6 8
23 6 0 2 4 5 7
15 0 5 6
13
-1
8
4
4
8 4 0 3
2
2
4
9 7 0 1 4
-1
6
1
6 2 0 3
7 0 1 2 4 5
4
0
3
0
1
-1
6
0
2
0
6 2 4 5
3
7 5 3 4
3
4
8 2 0 1 3 5
0
9 4 1 2 3
1
6 0 3
10 0 1 2 3
11 2 0 3 4 5
4
12 1 0 3 5
1
6 1
7 1
-1
5
2
5 1 3 4
6 1 0 2
7 2 0 1 4
4
1
4
5 0
-1
5
1
5 1 0 3
6 3 1 2
7 2
4
8 2 0 1 3
5
1
3
6 4
9 4 1
3
10 0 2
2
5 2 4
6
2
5
5
4
11 3
12 2 0 1
-1
7
4
4
3
2
3
1
3
7 4 3 5 6
8 1 0 2 4 5
4
1
6
3
1
5
9 1 0 2 4 5 6
5
6
3
4
10 0 2 4
6
7 1
7 0 2
11 4 0 1 5 6
2
12 3 1 5 6
0
8 3 6
0
1
4
1
7
3
3
13 4 0 3 5
8
6
14 4 2 3
15 3 1 4 5 6
1
4
16 3 6
5
4
7
0
11 2
17 0 2 3 4
18 6 0 2
2
7
19 0 1 3 6
7
20 0 1 4 6
4
21 0 1 4 5
22 3 4 5
23 6 0 1 2 4
16 5
8
7
24 6
13
15 0
9
25 4 3 6
10 1 6
16 0 1
17 1 5 6
9
14 5
15
8
13 2 6
26 3 1 2 5
14 0 1
11 3
27 1 0 2 3
28 0 4
8
15
29 2 0 1 5
30 4 0 1
9
17
11
31 5 0 2 3 4
32 0 1 4 5 6
5
5
4
18 1 4
33 2 0 4
34 0 2 3 4 5
35 2 0 3 6
7
36 4 0 3 5
23 3 5
37 2 1 3 5 6
23
1
18
6
38 3 0 1 2
4
24 4 5
39 4 1 5 6
12 0 4
40 6 0 1 3 4
41 0 2 6
-1
3
1
3 0 1 2
1
2
1
2
0
2
2
1
2
4 0 1
2
5 0 1 2
1
1
4 2
4
0
0
0
4
3
4
2
1
4
6 1 0 2
1
1
4
1
7 0 2
-1
3
3 0 1 2
4 2
2
3
1
0
0
2
5 2 1
3
2
-1
11
7
4
0
2
0
11 5 2 4 7 8 10
2
1
5
0
6
2
2
8
0
1
2
8
1
12 7 2 6 8 9 10
13 1 0 7 8 9
5
14 6 1 2 3 5 7
4
10
15 1 0 2 6 7 9 10
16 9 0 1 3 4 7
0
6
2
17 3 0 2 4 5 7 8
18 5 0 2 3 4 6 9 10
12 0 1 4
4
19 6 0 2 4 7 8 9 10
1
8
20 10 0 1 3 4 7 8
10
21 1 0 2 7
22 5 1 6 8
23 4 0 1 2 6 9 10
6
9
8
7
11 0 1 9
13 2 3 4 5 10
2
14 4 10
24 4 0 5 6 9
25 5 0 1 4 10
5
14 9
26 9 1 2 3 4 5 7 8 10
9
27 2 1 3 4 8
28 10 1 2 3 7 8 9
16 5 6 8 10
29 4 0 1 3 5 7 8
-1
11
7
6
7
4
7
4
1
11 0 2 6 9
12 0 2 3 4 5 6 7 8
13 0 1 2 3 4 6
14 7 1 2 3 4 5 6 10
3
8
2
3
15 2 0 4 6 9 10
16 7 0 2 3 10
6
10
-1
6
3
1
6 3 0 1
1
0
0
1
4
7 2 0 1
2
0
5
8 4 0 1 3
2
2
5
3
2
6
2
2
0
9 4 0 2 3
2
10 1 2 5
4
11 4 1
3
12 0 1 2
8 5
5
0
6 4
13 1 2 3 5
2
3
9 1
4
9 5
2
9
14 5 0 1 2
4
15 1 0 2 3 4 5
16 0 3 5
17 5 3 4
12 3 5
12
18 1 0 2
19 4 0
6 5
9
20 4 0 1 3
2
21 1 0 2 4 5
7
10 0 4
22 4 0 5
14 4
10
15
1
4
1
10 3
2
14
-1
19
11
19 8 0 1 2 3 4 5 9 11 12 14 17 18
10
2
1
20 13 1 3 6 7 8 11 15 16 17
6
1
6
6
21 4 2 3 6 8 12 13 14 15
9
22 16 1 2 4 5 7 8 13 14 15 17 18
8
5
9
23 10 1 4 8 9 12 15 16 17
12
14
1
8
3
4
3
11
15
24 16 0 6 9 10 11 12 17 18
25 12 0 1 2 3 6 7 15
26 9 3 4 5 6 8 12
16
6
27 14 0 2 3 5 6 10 11 13 16 17 18
12
28 10 0 1 2 3 7 9 12 13 15 16 18
29 6 3 7 8 9 12 15 16 17 18
30 12 0 2 3 6 7 8 9 10 15 16 17 18
31 14 0 2 4 12 16 18
0
32 0 3 4 5 6 8 12 13 14 15 16 17 18
6
33 0 1 5 8 10 15 17
13
17
34 2 0 3 11 13 14 15 17 18
21 1 9 10 11 16 17
13
10
35 11 0 2 3 4 5 6 12 13 17 18
22 3 6 9 11
36 6 7 8 9 11 12 14 16 17 18
4
16
12
37 8 1 5 12 17 18
38 12 1 6 9 10 11 13 17
39 7 1 5 6 8 9 11 12 15
40 16 0 1 3 6 8 9 10 11 12 18
25 4 8 10 11 14 16 17 18
7
21 0 7 18
2
41 9 0 3 4 5 6 12 13 14 16 17
42 9 0 2 4 7 10 14 15
24 1 2 3 14
26 0 2 7 11 13 16
26 1 10
4
28 8 14 17
2
22 0
43 1 2 3 4 7 9 10 14 17 18
44 11 1 4 5 6 9 10 13 14 18
18
22 10
26 15 17 18
45 17 0 1 9 11 13 16 18
46 4 0 1 2 6 8 9 11 12 14 15 16 17
47 3 1 4 6 8 10 13 17 18
18
24 4 7 8 15
6
19 15 16
24 13
28 4 11
4
3
0
12
7
24
14
48 2 0 1 3 4 5 7 11 12 14 16 18
28 5
1
12
28 6
49 4 2 3 6 8 9 10 11 12 13 17
0
20 4 5 12 14 18
50 14 0 1 4 6 9 12 13 15 17
16
51 17 0 3 4 5 6 7 10 11 13 18
52 5 0 3 4 7 10 12 13 14 17
29 2 4 5 10 14
30 5 11
14
53 10 1 3 4 5 6 7 8 9 11 13 15 16 18
14
54 9 3 4 5 7 11 12 13 14 18
1
28
55 7 1 3 4 5 9 10 11 12 13 15 16
18
25
12
56 8 3 4 6 10 14 16
57 12 0 1 2 4 6 7 8 9 11 13 14 16 17
58 17 0 1 4 7 9 13 15 16 18
13
2
1
59 9 0 2 4 10 11 14 16 17
21
31 3 6 7 8
60 15 0 1 2 6 8 12 13 14
28
61 12 0 4 7 9 11 16 17 18
14
20
3
34 1 4 5 6 7 12
18
35 8 10 14 16
21 5
10
38 0 2 7 8 15
62 0 2 4 5 7 9 12 15 17
15
34 8 9
33 4 9 14 18
40 2 4 5 7 13 15 17
15
14
41 2 7 8 10 15
22
0
18
-1
5
5 2 1
4
6 0 3
3
2
1
1
7 2 0
2
4
1
8 0 1 3 4
4
6 1 2 4
9 0 1 4
3
3
10 3 0 2 4
0
11 1 2 3 4
5 3 4
12 0 1 4
-1
17
11
0
11
17 14 0 3 7 12 13 15
18 3 0 1 2 5 7 8 12 14 16
10
11
12
2
8
0
19 5 0 1 2 3 8 11 12 13 14 16
-1
19
19 9 0 5 8 10 12 14 16 17
8
13
9
20 16 4 6 9 11 12 13 14 17 18
5
14
-1
3
0
2
0
1
2
2
1
2
3 1
1
2
0
4 0 1 2
2
5 1 0
1
6 0 1 2
7 0 2
8 1 0
9 1 2
3 2
5
1
10 1 0 2
3
11 0 1 2
6
12 0 1 2
13 2 1
7 1
2
14 0 1
5 2
1
15 1 0 2
8
6
3
16 1 2
4
3 0
17 2 1
18 1
6
12
19 0 1 2
4
20 1
4
11
1
6
21 1 2
2
22 0
12
5
10
23 0
24 1
11
13 0
25 2 0
14 2
3
26 1 2
9 0
27 0 2
10
-1
22
8
22 9 0 2 6 8 12 17 18
3
8
23 4 0 1 2 6 9 11 13 14 17 20
4
24 1 4 8 10 11 12 17 20 21
2
15
7
9
2
4
7
2
25 17 1 3 4 6 11 12 16 19 20
26 19 2 4 9 10 11 12 14 15 17 20
27 1 2 3 14 18 20
2
8
18
6
28 12 0 1 2 3 4 5 6 7 8 15 16 19 21
4
3
29 5 0 3 4 7 8 11 17 18 20
-1
16
6
16 11 2 3 4 5 6 8 9 10 13 15
5
9
17 5 0 4 8 9 10 11 12 14
1
9
5
18 7 0 4 5 6 8 9 10 11 13 15
11
19 12 1 2 3 6 10 13 15
20 6 2 4 5 7 8 9 10 11 13 15
11
21 9 0 1 2 5 6 7 8 11 12 14 15
0
22 4 0 1 2 6 8 10 12 13 14 15
23 10 0 2 4 6 7 8 9 11 12 15
24 2 0 1 5 7 9 10
25 2 1 8 9 11 14 15
10
3
12
26 0 3 6 13
1
27 11 0 1 5 7 8 10 12 13 15
18
9
13
1
15
28 14 0 1 3 5 6 9 11
15
29 1 0 2 5 6 7 8 9 13 15
0
30 3 2 7 8 9 15
4
31 2 1 3 5 7 8 9 10 11 12 14 15
20 1 12
32 12 2 4 6 7 8 10
5
12
33 3 0 4 5 6 7 8 9 11 12
34 8 0 6 7 11 12 14
35 11 2 4 9 12 13 14 15
10
17 6 7 15
36 3 1 5 7 9 10 11 14
22 3 5 9
19 0 5 8 11
10
37 6 0 3 7 9 11 12 15
13
23 1 3 13
-1
19
7
19 0 2 3 5 6 7 10 13 14 17
13
0
4
20 11 2 3 5 9 13 14 15 16 18
1
12
4
21 2 1 4 7 8 11 14 18
22 2 0 5 6 8 9 10 13 14
4
13
9
13
-1
5
0
1
5 2 1 3
4
4
1
0
1
1
1
2
4
2
4
4
6 4 0 2 3
4
3
7 4 0 1 2
-1
6
0
1
0
0
3
4
2
0
1
0
4
3
0
-1
14
9
4
0
0
7
7
5
2
2
14 3 0 1 2 5 8 9 10 11 13
3
15 13 0 2 3 6 9 10 11
6
16 12 0 2 6 7 8 13
7
1
6
11
8
17 9 0 3 4 5 6 7 8 10 13
18 9 1 3 6 7 10 11 12
19 7 1 3 5 8 10
6
7
5
3
20 2 1 3 4 5 6 8 9 12
6
4
5
21 9 0 1 2 6 11 12
1
10
9
22 6 0 1 3 5 7 9 11 12
15 5 7 8
23 4 0 1 3 5 6 7 13
24 7 1 5 10 11
25 8 1 3 4 7 10 11 12
7
26 13 2 4 7 9 11 12
27 12 0 3 4 5 6 8 9 10 11
28 5 1 2 6 8 10
9
12
13
6
4
3
3
29 12 0 1 3 4 7 8 11
16 3 9 11
15 1 4
15 12
-1
20
11
5
5
8
20 19 0 2 5 11 13 14 18
3
5
3
5
11
2
11
7
13
1
8
9
3
0
5
-1
19
0
12
11
6
19 12 0 1 2 4 6 10 16 17
20 5 9 10 11 12 15 16 18
14
21 7 2 4 5 6 8 9 10 11 12 13 14 15 16
22 12 0 3 7 13 14 16 18
7
10
15
3
23 1 3 5 6 10 13 15 16 17 18
0
10
5
2
13
13
16
24 17 0 2 3 10 11 12
3
11
14
15
25 13 1 4 7 10 11 14 17
17
17
2
26 4 0 1 2 3 5 6 8 10 11 17 18
4
27 2 0 4 5 6 8 12 13 16 17 18
28 10 1 3 4 5 6 8 11 14
18
29 0 1 2 4 6 8 10 12 14 17 18
7
30 15 1 4 9 11 12 13 14 16 17 18
5
4
5
31 9 2 3 4 5 6 7 10 12 13 14 15 17 18
32 8 1 3 4 6 9 14 16 17
33 11 0 1 3 6 10 12 13 14 16 18
34 16 1 3 4 6 8 10 12 13 15 18
35 16 3 5 6 8 9 11 13 14 15 17 18
19 5 7 8 9 11
12
1
36 9 0 2 4 10 11 12 17 18
9
12
8
5
4
10
37 16 0 1 2 4 5 10 13 14 15
38 3 1 2 4 5 7 11 13 16
26 12 13 15
7
20 1 3 14 17
39 18 0 4 6 9 14 17
40 0 1 4 6 13 15
11
0
41 17 1 2 4 5 6 7 11 16
1
16
1
26 7 9 14
42 12 2 5 7 8 10 18
28 2 7 12 15 17
43 13 5 7 8 12 15 16 18
44 17 0 1 3 12 13 14 15 18
11
11
8
45 11 0 1 12 14 16 18
20 4 6
46 18 0 3 4 7 8 9 11 13 16 17
10
47 11 1 2 3 4 5 7 8 13 18
24 4 6 8 9 13 14 16 18
7
15
15
48 11 0 2 3 4 12 13 14
-1
21
21 17 1 2 5 8 10 12 13 14 16
8
13
14
4
22 2 1 5 11 12 13 17 19
5
-1
12
12 3 2 7 9 10
7
0
5
3
6
13 11 4 7
14 5 0 3 4 6 7 8
15 6 1 4 5 7 9 10
9
1
3
7
9
16 9 3 4 6 10 11
0
11
4
17 5 0 8 9 10 11
18 4 0 3 5
11
3
6
12 0 1 8 11
1
7
3
6
3
3
1
19 11 0 1 6 9 10
11
2
1
11
8
20 8 1 2 6 7 10 11
1
12 4
21 6 0 1 2 3 4 7 8 9
-1
17
7
17 12 1 4 5 6 8 9 10 11 13 15 16
18 8 0 1 2 9 11 13 14 16
12
3
19 6 1 2 4 7 8
13
3
20 11 0 1 2 5 7 10 14 15
21 10 3 4 5 6 8 9 13 14 15
3
14
9
22 4 0 1 3 5 7 9 11 12 13 14 15
23 15 4 6 10 11 12 13 14
10
-1
7
4
0
1
1
7 6 0 4 5
2
5
8 5 2 3 4
1
9 6 3
2
2
5
2
3
2
10 1 0 2 3 6
7 3
2
6
11 2 4 5
5
3
12 4 0 2 3 5
1
13 2 1 3
4
8 1 6
5
3
14 1
15 1 4 5 6
8 0
2
7 1 2
16 4 0 2 3 5 6
2
17 6 2 4
6
5
6
-1
24
24 11 0 2 3 4 5 7 8 10 13 14 15 17 20 21 23
12
3
15
9
3
3
25 18 1 3 6 7 11 13 15 16 17 22 23
10
14
26 9 0 2 5 6 7 10 11 13 14 15 17 20 21
27 0 1 3 7 8 9 12 15 16 17 20 21 22 23
5
8
28 1 0 2 7 8 9 11 12 14 16 20 22 23
9
7
29 19 0 1 3 4 6 7 8 10 11 12 13 15 16 17 23
1
16
8
11
30 15 0 4 6 9 10 11 14 17 18
3
31 7 5 11 12 14 15 16 19 20 22 23
18
9
7
32 21 1 2 3 4 7 9 10 12 15 17 18 23
33 11 1 2 6 7 8 9 10 13 19 20 21 23
22
7
34 7 1 2 4 5 8 9 12 13 16 20 22 23
35 21 3 5 7 10 11 12 14 15 18 20 23
19
36 12 1 4 5 6 7 10 14 15 16 18 19 20 21
18
14
9
3
37 23 3 8 9 10 11 13
23
38 20 0 1 3 5 6 8 9 13 14 15 16 17 18 19 22
0
19
9
10
13
39 0 1 3 4 6 8 9 10 13 20 22
25 4 5 9 12 14
0
40 5 2 3 7 11 15 16 17 18 21
9
41 5 0 1 2 3 4 6 7 8 11 13 14 18 19 22 23
8
42 19 0 1 3 5 7 9 12 13 14 15 17 18 20 23
43 23 0 1 2 7 9 10 11 12 13 14 18 19
44 23 2 4 6 8 9 12 15 16 17 19 20 21
25 0 8 19 20 21
0
21
6
45 17 0 2 6 9 10 11 13 14 16 19 20 23
12
46 16 2 3 4 5 6 9 11 12 14 17 19 20 21 23
47 12 1 6 7 15 16 19 20 22 23
48 21 0 1 2 3 6 11 16 20 22
21
49 18 1 2 5 10 15 20 22
5
50 6 1 3 7 9 11 14 15 16 18 19 23
51 16 0 1 2 3 4 10 12 18 20 22 23
-1
15
1
15 12 3 4 7 10 13 14
16 1 0 3 5 6 9 10 12
11
7
0
5
11
4
17 7 0 1 2 5 6 8 11 14
18 2 1 5 6 7 9 10 12
19 3 5 6 8 10 11 13 14
9
12
4
12
-1
13
13 1 2 4 6 8 9 10 12
14 3 4 8
10
7
0
4
3
0
8
15 4 0 1 3 7 12
2
0
0
16 2 8 9 10 12
6
8
11
7
1
17 4 0 1 5 7 8 10 11 12
5
5
1
18 0 3 4 5 6 8 10 11
19 3 2 4 9 12
3
7
1
20 7 0 1 2 6 9 10 11
5
1
6
21 6 0 3 8 10 11
8
10
12
22 7 3 6 12
1
1
23 6 0 2 4 9 10 12
16 1 4 5 6 11
12
24 1 0 3 4 6 8
4
25 8 1 2 4 6 7 10 11 12
26 1 12
0
27 5 0 4 6 8 10 11
12
6
1
14 0 2 9 10 12
11
5
28 12 0 2 3 4 6 7 8 9 11
9
13 0 7 11
29 9 2 5 7 8 10
11
2
12
2
30 10 0 2 3 6 8 11 12
14 5 6 7
13 5
4
31 7 3 4 5 8 9 11
4
15 2 6 8 10
32 1 0 2 7 9 10 11
13
4
9
3
33 11 3 5 6 10
4
0
15 11
12
9
34 0 1 3 4 5 6 8 9 12
18 1 7 9
35 11 0 2 4 5 7 9 10 12
3
14 11
6
36 1 2 3 7 8
24 2 12
37 11 1 2 3 4 5 8
17 2 6 9
38 4 0 2 3 5 6 9 11 12
17 3
7
39 10 1 2 3 5 6 7 8 9
24 5 9 10 11
16 3 7
40 11 1 2 4 6 10
0
1
19 0 1 5 6 7
41 3 0 1 4 7 8 9 10 11
7
27 1 2 3 7 12
27
10
42 3 0 5 8 9 10 12
43 8 1 2 3 5 7 9 10 12
17
5
44 11 3 5 6 7 8 9 10
19 10
24 7
25 3 5
45 9 1 2 6 7 11 12
3
46 10 0 1 4 5 8 9 11
47 1 2 5 9 10 12
48 8 0 1 2 5 7 9 12
28 5 10
49 3 0 2 7 8 9 10 11
15
28 1
50 4 1 2 3 5 6 8 9 10
51 5 0 1 2 7 8
52 0 2 5 7 9 10 11 12
53 12 2 5 6 7 8 11
6
54 0 1 5 6 9
32 12
18 12
7
21 12
36 0 9 10 11 12
55 11 0 1 2 3 4 5 6 7 9 12
56 7 0 1 2 3 4 5 6 9 10
57 0 4 5 6 7 9 10 11
7
58 1 6 7 9 10 11
59 7 2 3 5 8 10
27
60 5 0 1 2 4 9 12
37 0 6
22 0 1 4 5 9 10
61 5 0 1 3 4 6 9 11 12
5
9
62 6 0 3 5 8 10
30 1 4 7 9
63 12 1 2 4 6 7 8 10
21 2 4 5 9
30
16
64 9 2 4 6 11 12
24
-1
22
10
8
22 15 0 1 2 4 5 6 7 11 12 13 14 16 18 19
23 12 0 2 3 4 6 8 10 16 18
4
4
7
24 2 0 1 5 7 8 14 18 21
2
11
25 16 0 1 2 4 5 6 8 10 11 18 19 20 21
15
26 11 4 5 6 10 13 14 15 17 18
13
14
10
3
27 21 0 1 7 8 10 11 12 14 15 17 18 20
4
12
4
10
28 17 1 2 3 4 7 8 9 10 16 18 20
29 10 0 1 3 4 5 9 11 12 13 15 18 21
30 20 2 3 4 5 8 10 15 17 19 21
31 13 1 4 5 6 7 11 21
3
32 16 0 5 6 7 8 14 15 18 19 21
33 3 0 1 2 4 5 7 9 11 13 16 17 19 21
1
20
-1
18
5
18 14 0 1 5 8 9 11 12 13 15
5
7
12
19 8 1 2 3 4 12 15
9
13
3
20 6 1 3 4 5 7 10 13 17
3
21 9 1 2 3 5 8 15 17
4
22 7 0 3 4 5 6 11 13 14
23 5 1 3 7 9 13 15 17
24 9 0 6 7 8 10 11 14 15 17
0
25 16 0 2 3 4 5 12 13 14 17
14
9
7
-1
17
1
8
9
8
4
8
17 4 0 3 5 6 7 9 10 13 16
0
18 1 2 4 7 9 10 13 14 16
19 6 1 2 10 13 15 16
20 5 1 2 3 4 6 12 15
1
13
21 4 1 2 3 8 9 10 15
11
12
3
13
3
6
22 10 0 2 3 5 9 11 13
23 14 0 3 4 7 8 9 10 12 16
24 2 0 3 4 7 11 13 15 16
25 12 0 1 2 3 4 5 6 8 9 15 16
15
17 2 8 12
3
16
26 10 0 3 4 5 8 9 12 13 16
17 1 11 14
8
27 8 0 5 7 11 12
2
2
1
6
14
-1
12
8
2
2
8
0
3
7
12 9 0 1 3 5 6
4
2
0
3
0
5
13 5 4 8 9 10
5
1
1
9
14 8 1 3 7 10
15 9 0 8 10
16 11 0 1 7 10
17 10 2 4 5 6 7 11
18 1 0 4 5 7 11
-1
18
0
9
4
1
6
-1
21
8
21 4 1 5 7 11 14 15 18 19 20
22 4 1 2 6 7 10 11 14 15 17 18 19 20
1
2
13
15
12
0
23 19 3 4 6 8 9 13 14 17 18 20
24 12 0 10 11 14 17
4
7
14
5
3
25 12 2 5 7 9 10 11 13 14 15 17 18
12
26 4 7 8 10 11 12 13 15 16 17 20
1
1
13
14
27 10 1 2 4 9 14 15 17 18 19
5
5
13
2
28 1 2 5 11 12 13 15 16 19 20
29 19 2 6 9 13 15 16 17
3
30 10 1 2 4 5 6 7 8 9 11 12 13 16 18 19 20
20
3
12
31 5 1 3 4 9 10 11 13 16 17 18 20
32 2 1 5 10 11 13 17 19
21 0 3 8 9 10 12
3
20
33 18 0 1 3 4 5 11 13 15 16 17 19 20
6
0
4
21 2
0
5
34 7 0 1 3 4 5 6 8 9 10 14 15 16 18 19
35 12 0 1 2 3 5 7 9 11 13 16 17 19
8
36 11 1 2 4 6 8 9 10 13 14 17 19 20
2
22 3 5 12 13
14
16
37 10 1 2 5 7 8 11 13 15 18
18
22 0 8 9 16
11
38 15 0 2 4 6 7 9 10 11 17 18
15
10
39 14 0 2 7 9 10 17 18
40 5 0 1 2 4 9 12 15 17 20
41 16 0 2 3 4 7 8 9 10 11 13 14 18
42 7 2 3 4 9 12 14 15 16 19 20
43 1 0 2 5 8 9 10 12 13 14 17 20
44 1 0 6 8 11 12 14 19 20
45 11 1 2 3 7 8 13 15 16
21 6 13 16
7
1
46 3 0 2 4 5 7 8 9 13 16 18
3
4
47 3 0 5 7 19
14
32 4 6 7 9
6
17
48 5 7 9 11 12 13 15 16 18 19
13
13
-1
7
4
1
2
7 0 5 6
8 3 0 1 2 6
4
1
6
1
0
5
9 3 0 1 4 5 6
10 0 1 2 3 4 6
3
7 3
-1
4
1
2
4 0 2
2
1
2
5 0 3
6 3 1
7 2 3
1
8 0 2 3
0
9 2 0 1 3
10 3 0 1
6
6
1
11 1 0 3
5 2
4 1 3
12 1 2
-1
7
7 6 1 5
1
4
8 2 1 4 5
9 5 0 1 3 4
10 6 5
7 4
3
11 2 3 6
8 3
5
12 2 1 3
4
6
4
4
13 0 1 3 5
2
14 6 1 4
8 0
15 3 0 2
9 6
8
9 2
8
1
16 4 2 3
0
10 0 1 2
17 4 1 2 3
-1
6
4
6 3 0 1 4 5
4
1
7 3 1 4 5
2
3
8 2 1
3
3
0
0
9 0 1 3 5
5
10 4 0 1
11 0
12 3 0 1 4 5
0
13 2 1 3 4 5
3
14 1 0 2 3
4
9
0
7
15 3 0 1
1
5
9
0
5
8 4 5
6
16 4 0 2 3 5
5
17 1 2 3 5
2
18 3 0 2 5
7 0 2
19 0 3 4 5
20 0 1 3 5
21 1 2 3 4
22 0 2 3 4 5
23 0 1 2 4 5
0
24 0 3 4 5
25 3 1
26 3 0 1
27 5 0 1 3
28 1 0 3 4 5
18 1 4
29 5 0 1 2 3 4
17
30 0 1 2 4
9 4
3
1
11 1 2 5
6
1
31 4 0 1
4
21 5
19 1
18
9
32 1 2 3 4 5
14 4 5
8
18
7
16
3
3
33 5 0 2
3
7
22
7
1
1
34 5 1 3
6 2
5
16 1
17 4
35 3 0 5
36 1 0 2 3 4
18
37 5 3 4
3
23
23 3
38 0
39 3 1 4
-1
0
